,stimes,k,opt error,even error
0,0.0,24.03084415584415,20362.42563141245,22665.120544686797
1,62550.0,21.776583034647555,20362.42563141245,22665.120544686797
2,93825.0,23.745786516853933,20362.42563141245,22665.120544686797
3,118150.0,50.0,20362.42563141245,22665.120544686797
4,149425.0,27.343896713615027,20362.42563141245,22665.120544686797
5,180700.0,26.252232142857146,20362.42563141245,22665.120544686797
6,198075.0,50.8021978021978,20362.42563141245,22665.120544686797
7,236300.0,29.266443701226304,20362.42563141245,22665.120544686797
8,274525.0,39.049549549549546,20362.42563141245,22665.120544686797
9,323175.0,30.4549356223176,20362.42563141245,22665.120544686797
