,stimes,k,opt error,even error
0,0.0,23.18563432835821,11159.717508343962,17914.47303775799
1,63690.0,20.95497259201253,11159.717508343962,17914.47303775799
2,88587.0,21.876550169109358,11159.717508343962,17914.47303775799
3,115221.0,40.300000000000004,11159.717508343962,17914.47303775799
4,149961.0,27.13961255845024,11159.717508343962,17914.47303775799
5,177753.0,25.511257035647276,11159.717508343962,17914.47303775799
6,202071.0,57.27499999999999,11159.717508343962,17914.47303775799
7,236232.0,28.74790457769181,11159.717508343962,17914.47303775799
8,273867.0,38.20344827586207,11159.717508343962,17914.47303775799
9,322503.0,29.637835703001574,11159.717508343962,17914.47303775799
