,stimes,k,opt error,even error
0,0.0,23.459610027855156,18801.08126851492,26856.03503127264
1,64848.0,21.547072330654416,18801.08126851492,26856.03503127264
2,90324.0,22.925925925925924,18801.08126851492,26856.03503127264
3,118116.0,33.27777777777777,18801.08126851492,26856.03503127264
4,152856.0,27.204318936877083,18801.08126851492,26856.03503127264
5,178332.0,24.085271317829452,18801.08126851492,26856.03503127264
6,192228.0,45.525362318840585,18801.08126851492,26856.03503127264
7,236232.0,29.451205510907005,18801.08126851492,26856.03503127264
8,264024.0,30.897683397683394,18801.08126851492,26856.03503127264
9,321924.0,29.88495024875622,18801.08126851492,26856.03503127264
