,Snapshot number,N,k,q,C
0,0.0,75.0,16.666666666666668,15.666666666666668,0.035555555555555556
1,1.0,75.0,17.833333333333332,16.833333333333336,0.0
2,2.0,75.0,15.0,14.0,0.0
3,3.0,75.0,15.661764705882351,14.720588235294116,0.08520634920634922
4,4.0,75.0,13.624999999999998,12.649999999999999,0.055111111111111104
5,5.0,75.0,12.777777777777779,11.833333333333334,0.0
6,6.0,75.0,13.9375,13.125,0.010222222222222221
7,7.0,75.0,17.6,16.6,0.059111111111111114
8,8.0,75.0,15.678571428571427,14.785714285714285,0.05822222222222222
9,9.0,75.0,18.933333333333334,18.066666666666666,0.033777777777777775
10,10.0,75.0,20.857142857142854,19.857142857142854,0.05422222222222222
11,11.0,75.0,18.852941176470587,17.91176470588235,0.09955555555555555
12,12.0,75.0,16.36111111111111,15.388888888888891,0.07866666666666668
13,13.0,75.0,20.07142857142857,19.178571428571427,0.031111111111111107
14,14.0,75.0,23.166666666666664,22.23333333333333,0.07244444444444444
15,15.0,75.0,22.021739130434785,21.02173913043479,0.076
16,16.0,75.0,23.861111111111114,22.861111111111114,0.09733333333333333
17,17.0,75.0,25.267857142857146,24.267857142857146,0.08977777777777778
18,18.0,75.0,21.0,20.0,0.04533333333333333
19,19.0,75.0,22.916666666666668,21.916666666666668,0.055555555555555546
20,20.0,75.0,31.291666666666675,30.29166666666667,0.031111111111111114
21,21.0,75.0,28.249999999999993,27.249999999999996,0.09657142857142857
22,22.0,75.0,28.857142857142858,27.857142857142854,0.06
23,23.0,75.0,32.5,31.5,0.0
24,24.0,75.0,26.16666666666667,25.166666666666668,0.0
25,25.0,75.0,21.0,20.0,0.0
26,26.0,75.0,21.0,20.0,0.0
27,27.0,75.0,32.0,31.0,0.0
28,28.0,75.0,32.0,31.0,0.0
29,29.0,75.0,39.400000000000006,38.400000000000006,0.028888888888888895
30,30.0,75.0,40.625,39.62500000000001,0.050666666666666665
31,31.0,75.0,39.12500000000001,38.12500000000001,0.03733333333333333
32,32.0,75.0,38.50000000000001,37.50000000000001,0.050666666666666665
33,33.0,75.0,36.25,35.25,0.0
34,34.0,75.0,32.0,31.0,0.0
35,35.0,75.0,32.0,31.0,0.0
36,36.0,75.0,0.0,0.0,0.0
37,37.0,75.0,0.0,0.0,0.0
38,38.0,75.0,32.0,31.0,0.0
39,39.0,75.0,0.0,0.0,0.0
40,40.0,75.0,36.0,35.0,0.0
41,41.0,75.0,0.0,0.0,0.0
42,42.0,75.0,0.0,0.0,0.0
43,43.0,75.0,0.0,0.0,0.0
44,44.0,75.0,36.833333333333336,35.833333333333336,0.0
45,45.0,75.0,0.0,0.0,0.0
46,46.0,75.0,0.0,0.0,0.0
47,47.0,75.0,0.0,0.0,0.0
48,48.0,75.0,0.0,0.0,0.0
49,49.0,75.0,40.5,39.5,0.0
50,50.0,75.0,38.8125,37.8125,0.03733333333333333
51,51.0,75.0,39.41666666666667,38.41666666666667,0.04
52,52.0,75.0,39.16666666666667,38.16666666666667,0.0
53,53.0,75.0,38.00000000000001,37.00000000000001,0.04
54,54.0,75.0,15.25,14.25,0.0
55,55.0,75.0,16.625000000000004,15.625000000000004,0.02
56,56.0,75.0,18.705882352941174,17.705882352941174,0.03892063492063492
57,57.0,75.0,24.807692307692307,23.807692307692307,0.06726118326118327
58,58.0,75.0,26.593750000000007,25.593750000000007,0.07822222222222222
59,59.0,75.0,27.424242424242422,26.424242424242422,0.09930158730158731
60,60.0,75.0,24.485714285714288,23.485714285714288,0.10807407407407409
61,61.0,75.0,18.757575757575758,17.863636363636367,0.12101587301587301
62,62.0,75.0,19.88095238095238,18.96428571428571,0.1491111111111111
63,63.0,75.0,22.903846153846153,21.942307692307693,0.13136507936507938
64,64.0,75.0,21.173469387755105,20.22448979591837,0.13295238095238096
65,65.0,75.0,18.53636363636363,17.654545454545456,0.11100055500055499
66,66.0,75.0,21.12650602409639,20.18072289156627,0.17727753727753726
67,67.0,75.0,21.085714285714285,20.164285714285715,0.16873326673326672
68,68.0,75.0,21.026315789473685,20.052631578947373,0.20560702260702265
69,69.0,75.0,22.080882352941178,21.13235294117647,0.11936315536315535
70,70.0,75.0,21.168750000000003,20.212500000000002,0.18838413438413437
71,71.0,75.0,19.96268656716418,19.05223880597015,0.18278758278758278
72,72.0,75.0,22.522727272727273,21.553030303030305,0.14896392496392497
73,73.0,75.0,23.67741935483871,22.693548387096772,0.1514911014911015
74,74.0,75.0,18.653846153846153,17.653846153846153,0.0924021164021164
75,75.0,75.0,18.80357142857143,17.830357142857146,0.1578095238095238
76,76.0,75.0,17.63953488372093,16.69767441860465,0.14326984126984127
77,77.0,75.0,17.884615384615387,16.961538461538463,0.1545441965441965
78,78.0,75.0,17.025641025641022,16.115384615384613,0.11606349206349208
79,79.0,75.0,20.483870967741936,19.483870967741936,0.09933333333333333
80,80.0,75.0,25.774193548387096,24.774193548387096,0.12511111111111112
81,81.0,75.0,25.704081632653065,24.704081632653065,0.15845502645502646
82,82.0,75.0,26.477272727272727,25.477272727272727,0.1204021164021164
83,83.0,75.0,21.754716981132077,20.801886792452834,0.11837229437229434
84,84.0,75.0,23.377551020408166,22.44897959183674,0.09610582010582013
85,85.0,75.0,22.223684210526315,21.25,0.13536507936507935
86,86.0,75.0,18.842105263157897,17.97368421052632,0.09316402116402117
87,87.0,75.0,18.799999999999997,17.85,0.11705050505050503
88,88.0,75.0,19.307692307692307,18.365384615384613,0.09822222222222224
89,89.0,75.0,21.15217391304348,20.217391304347828,0.092
90,90.0,75.0,22.0,21.0,0.12533333333333332
91,91.0,75.0,23.75,22.750000000000004,0.09333333333333334
92,92.0,75.0,22.34090909090909,21.34090909090909,0.06666666666666667
93,93.0,75.0,27.03846153846154,26.03846153846154,0.05377777777777778
94,94.0,75.0,17.32142857142857,16.32142857142857,0.06666666666666667
95,95.0,75.0,25.03333333333333,24.03333333333333,0.06444444444444446
96,96.0,75.0,25.3,24.3,0.0831111111111111
97,97.0,75.0,26.083333333333336,25.083333333333336,0.016
98,98.0,75.0,27.099999999999998,26.099999999999998,0.06088888888888889
99,99.0,75.0,21.333333333333336,20.333333333333336,0.031111111111111107
100,100.0,75.0,7.0,6.0,0.0
101,101.0,75.0,40.0,39.0,0.0
102,102.0,75.0,0.0,0.0,0.0
103,103.0,75.0,0.0,0.0,0.0
104,104.0,75.0,0.0,0.0,0.0
105,105.0,75.0,0.0,0.0,0.0
106,106.0,75.0,0.0,0.0,0.0
107,107.0,75.0,0.0,0.0,0.0
108,108.0,75.0,0.0,0.0,0.0
109,109.0,75.0,0.0,0.0,0.0
110,110.0,75.0,0.0,0.0,0.0
111,111.0,75.0,0.0,0.0,0.0
112,112.0,75.0,0.0,0.0,0.0
113,113.0,75.0,0.0,0.0,0.0
114,114.0,75.0,0.0,0.0,0.0
115,115.0,75.0,0.0,0.0,0.0
116,116.0,75.0,0.0,0.0,0.0
117,117.0,75.0,0.0,0.0,0.0
118,118.0,75.0,0.0,0.0,0.0
119,119.0,75.0,0.0,0.0,0.0
120,120.0,75.0,0.0,0.0,0.0
121,121.0,75.0,0.0,0.0,0.0
122,122.0,75.0,0.0,0.0,0.0
123,123.0,75.0,0.0,0.0,0.0
124,124.0,75.0,0.0,0.0,0.0
125,125.0,75.0,50.0,49.0,0.0
126,126.0,75.0,50.0,49.0,0.0
127,127.0,75.0,50.0,49.0,0.0
128,128.0,75.0,50.0,49.0,0.0
129,129.0,75.0,25.75,24.75,0.050666666666666665
130,130.0,75.0,31.28125,30.281250000000004,0.06533333333333334
131,131.0,75.0,36.73684210526315,35.73684210526316,0.06876190476190476
132,132.0,75.0,34.9655172413793,33.96551724137931,0.08059259259259259
133,133.0,75.0,34.095238095238095,33.0952380952381,0.1534074074074074
134,134.0,75.0,38.19444444444445,37.22222222222222,0.053968253968253964
135,135.0,75.0,31.893939393939394,30.954545454545457,0.09317460317460317
136,136.0,75.0,25.23809523809524,24.309523809523814,0.11934776334776333
137,137.0,75.0,28.587500000000002,27.625,0.1732063492063492
138,138.0,75.0,31.653846153846153,30.653846153846153,0.13225396825396823
139,139.0,75.0,28.458333333333336,27.47222222222223,0.13066666666666668
140,140.0,75.0,24.27173913043478,23.326086956521735,0.1427301587301587
141,141.0,75.0,24.69078947368421,23.69736842105263,0.17174025974025972
142,142.0,75.0,25.6015625,24.6640625,0.19046079846079847
143,143.0,75.0,25.518691588785043,24.570093457943923,0.18498782698782698
144,144.0,75.0,24.846774193548384,23.919354838709676,0.18180952380952378
145,145.0,75.0,25.25,24.28888888888889,0.22738380138380138
146,146.0,75.0,26.15853658536585,25.164634146341466,0.18943304843304845
147,147.0,75.0,31.052238805970156,30.082089552238806,0.15405194805194805
148,148.0,75.0,25.547619047619044,24.58730158730159,0.18824434824434824
149,149.0,75.0,28.580000000000005,27.61,0.15049735449735452
150,150.0,75.0,24.0625,23.062500000000004,0.10387301587301587
151,151.0,75.0,24.903225806451612,23.93548387096774,0.06977777777777777
152,152.0,75.0,24.166666666666668,23.22916666666667,0.1481077441077441
153,153.0,75.0,24.771428571428572,23.82857142857143,0.07950937950937952
154,154.0,75.0,19.782608695652176,18.934782608695652,0.08717460317460317
155,155.0,75.0,26.481481481481485,25.537037037037038,0.060825396825396824
156,156.0,75.0,22.741935483870968,21.790322580645157,0.10044444444444445
157,157.0,75.0,21.833333333333336,20.833333333333336,0.06625396825396825
158,158.0,75.0,27.63793103448276,26.637931034482758,0.0747936507936508
159,159.0,75.0,25.870967741935484,24.87096774193548,0.05873015873015874
160,160.0,75.0,24.10869565217391,23.10869565217391,0.09371428571428571
161,161.0,75.0,23.11111111111111,22.11111111111111,0.09606349206349206
162,162.0,75.0,25.267857142857142,24.26785714285714,0.10355555555555555
163,163.0,75.0,21.19642857142857,20.19642857142857,0.06158730158730158
164,164.0,75.0,22.866666666666667,21.866666666666667,0.06311111111111112
165,165.0,75.0,24.588235294117645,23.588235294117645,0.03466666666666667
166,166.0,75.0,30.733333333333334,29.733333333333334,0.0
167,167.0,75.0,35.38888888888889,34.388888888888886,0.04
168,168.0,75.0,29.16666666666667,28.16666666666667,0.04
169,169.0,75.0,31.750000000000007,30.75,0.031111111111111107
170,170.0,75.0,32.611111111111114,31.611111111111114,0.03733333333333333
171,171.0,75.0,36.40909090909091,35.40909090909091,0.050666666666666665
172,172.0,75.0,38.50000000000001,37.5,0.06
173,173.0,75.0,31.666666666666668,30.666666666666668,0.04
174,174.0,75.0,44.85,43.85,0.051555555555555556
175,175.0,75.0,49.625000000000014,48.625000000000014,0.04
176,176.0,75.0,63.0,62.0,0.0
177,177.0,75.0,57.400000000000006,56.4,0.04857142857142857
178,178.0,75.0,58.65384615384615,57.65384615384615,0.0587936507936508
179,179.0,75.0,64.25,63.25,0.0
180,180.0,75.0,57.33333333333334,56.33333333333334,0.04
181,181.0,75.0,63.0,62.0,0.0
182,182.0,75.0,63.0,62.0,0.0
183,183.0,75.0,0.0,0.0,0.0
184,184.0,75.0,0.0,0.0,0.0
185,185.0,75.0,0.0,0.0,0.0
186,186.0,75.0,49.5,48.5,0.0
187,187.0,75.0,0.0,0.0,0.0
188,188.0,75.0,0.0,0.0,0.0
189,189.0,75.0,0.0,0.0,0.0
190,190.0,75.0,0.0,0.0,0.0
191,191.0,75.0,61.5,60.5,0.0
192,192.0,75.0,62.375,61.375,0.031111111111111114
193,193.0,75.0,63.0,62.0,0.0
194,194.0,75.0,63.0,62.0,0.0
195,195.0,75.0,63.0,62.0,0.0
196,196.0,75.0,0.0,0.0,0.0
197,197.0,75.0,0.0,0.0,0.0
198,198.0,75.0,0.0,0.0,0.0
199,199.0,75.0,56.83333333333334,55.83333333333334,0.0
200,200.0,75.0,56.8,55.8,0.07259259259259258
201,201.0,75.0,59.14285714285714,58.14285714285714,0.03822222222222222
202,202.0,75.0,60.75,59.75,0.0
203,203.0,75.0,45.500000000000014,44.50000000000001,0.04
204,204.0,75.0,39.861111111111114,38.861111111111114,0.08292063492063492
205,205.0,75.0,36.645833333333336,35.645833333333336,0.07479365079365079
206,206.0,75.0,40.89130434782609,39.89130434782608,0.06457142857142857
207,207.0,75.0,38.11538461538461,37.11538461538462,0.06492063492063492
208,208.0,75.0,40.63333333333333,39.63333333333334,0.13402116402116404
209,209.0,75.0,38.81250000000001,37.81250000000001,0.036000000000000004
210,210.0,75.0,27.758064516129032,26.838709677419356,0.08999999999999998
211,211.0,75.0,30.35576923076923,29.41346153846154,0.15117460317460318
212,212.0,75.0,34.78333333333333,33.78333333333333,0.11333333333333333
213,213.0,75.0,27.65322580645161,26.701612903225804,0.21143434343434342
214,214.0,75.0,27.163793103448274,26.17241379310345,0.1616825396825397
215,215.0,75.0,29.71428571428572,28.72448979591837,0.16844444444444445
216,216.0,75.0,29.21875,28.2421875,0.14832034632034632
217,217.0,75.0,27.23033707865168,26.30337078651685,0.19827350427350432
218,218.0,75.0,26.035714285714292,25.100000000000005,0.14804972804972805
219,219.0,75.0,28.403508771929825,27.49122807017544,0.12088888888888887
220,220.0,75.0,26.938596491228072,25.93859649122807,0.16626551226551223
221,221.0,75.0,29.625000000000004,28.659722222222225,0.1601779701779702
222,222.0,75.0,30.28688524590164,29.311475409836067,0.14953342953342955
223,223.0,75.0,27.299999999999997,26.380000000000003,0.10222222222222223
224,224.0,75.0,25.40277777777778,24.513888888888893,0.11534391534391536
225,225.0,75.0,23.423076923076923,22.525641025641022,0.11247619047619044
226,226.0,75.0,23.652542372881356,22.745762711864405,0.13477152477152476
227,227.0,75.0,25.21875,24.265625,0.07200000000000001
228,228.0,75.0,25.25862068965517,24.29310344827586,0.053587301587301586
229,229.0,75.0,24.5,23.550000000000004,0.028888888888888888
230,230.0,75.0,19.08,18.16,0.09917460317460318
231,231.0,75.0,23.863636363636363,22.954545454545453,0.017333333333333333
232,232.0,75.0,31.558823529411768,30.558823529411764,0.033777777777777775
233,233.0,75.0,23.78947368421053,22.842105263157897,0.08177777777777777
234,234.0,75.0,22.653846153846153,21.653846153846153,0.059111111111111114
235,235.0,75.0,21.854166666666664,20.854166666666664,0.09085714285714286
236,236.0,75.0,28.066666666666666,27.066666666666663,0.048888888888888885
237,237.0,75.0,27.5625,26.59375,0.056444444444444436
238,238.0,75.0,29.750000000000007,28.750000000000004,0.0
239,239.0,75.0,38.59090909090909,37.59090909090909,0.0
240,240.0,75.0,30.607142857142858,29.60714285714286,0.05866666666666667
241,241.0,75.0,37.07692307692307,36.07692307692308,0.008888888888888889
242,242.0,75.0,23.25,22.25,0.0
243,243.0,75.0,32.75,31.75,0.0
244,244.0,75.0,30.666666666666668,29.66666666666667,0.04
245,245.0,75.0,35.25000000000001,34.25000000000001,0.0
246,246.0,75.0,38.0,37.0,0.031111111111111107
247,247.0,75.0,27.75,26.75,0.0
248,248.0,75.0,26.75,25.75,0.031111111111111114
249,249.0,75.0,35.0,34.0,0.0
250,250.0,75.0,48.0,47.0,0.0
251,251.0,75.0,54.0,53.0,0.0
252,252.0,75.0,0.0,0.0,0.0
253,253.0,75.0,55.699999999999996,54.7,0.0
254,254.0,75.0,61.416666666666664,60.41666666666667,0.028
255,255.0,75.0,63.00000000000001,62.000000000000014,0.0
256,256.0,75.0,49.5,48.5,0.0
257,257.0,75.0,0.0,0.0,0.0
258,258.0,75.0,59.5,58.5,0.0
259,259.0,75.0,0.0,0.0,0.0
260,260.0,75.0,0.0,0.0,0.0
261,261.0,75.0,0.0,0.0,0.0
262,262.0,75.0,66.5,65.5,0.0
263,263.0,75.0,0.0,0.0,0.0
264,264.0,75.0,0.0,0.0,0.0
265,265.0,75.0,60.0,59.0,0.0
266,266.0,75.0,0.0,0.0,0.0
267,267.0,75.0,0.0,0.0,0.0
268,268.0,75.0,0.0,0.0,0.0
269,269.0,75.0,61.5,60.5,0.0
270,270.0,75.0,0.0,0.0,0.0
271,271.0,75.0,0.0,0.0,0.0
272,272.0,75.0,0.0,0.0,0.0
273,273.0,75.0,53.5,52.5,0.0
274,274.0,75.0,56.9,55.900000000000006,0.0
275,275.0,75.0,60.5,59.5,0.0
276,276.0,75.0,0.0,0.0,0.0
277,277.0,75.0,48.25,47.25,0.0
278,278.0,75.0,31.125,30.125,0.02
279,279.0,75.0,26.916666666666668,25.916666666666668,0.09352380952380954
280,280.0,75.0,29.64285714285715,28.642857142857146,0.07669841269841271
281,281.0,75.0,35.86000000000001,34.86,0.10806349206349206
282,282.0,75.0,34.480769230769226,33.48076923076923,0.12948148148148148
283,283.0,75.0,32.875,31.875000000000007,0.0965079365079365
284,284.0,75.0,29.736842105263158,28.81578947368421,0.08025396825396826
285,285.0,75.0,31.840000000000007,30.880000000000003,0.1376507936507937
286,286.0,75.0,31.438775510204074,30.46938775510203,0.13377777777777777
287,287.0,75.0,29.81666666666667,28.833333333333336,0.10161904761904762
288,288.0,75.0,28.40566037735849,27.41509433962264,0.1607878787878788
289,289.0,75.0,26.274509803921568,25.284313725490193,0.07955555555555556
290,290.0,75.0,29.895522388059707,28.940298507462693,0.169975431975432
291,291.0,75.0,29.675,28.708333333333332,0.15538912938912935
292,292.0,75.0,28.861386138613863,27.88118811881188,0.2260989424518836
293,293.0,75.0,28.104395604395606,27.115384615384617,0.18361197408256233
294,294.0,75.0,32.214285714285715,31.226190476190474,0.10614814814814814
295,295.0,75.0,27.56578947368421,26.57894736842105,0.12425396825396827
296,296.0,75.0,32.69620253164557,31.721518987341774,0.16270166870166872
297,297.0,75.0,29.405063291139246,28.430379746835445,0.16157967957967959
298,298.0,75.0,26.08620689655173,25.18103448275862,0.16380523180523182
299,299.0,75.0,26.392857142857142,25.46428571428571,0.12266666666666666
