,stimes,k,opt error,even error
0,0.0,23.43076923076923,18642.157286230184,27206.302572467146
1,64269.0,21.16766467065868,18642.157286230184,27206.302572467146
2,92061.0,23.3760162601626,18642.157286230184,27206.302572467146
3,118116.0,33.628205128205124,18642.157286230184,27206.302572467146
4,152856.0,27.336956521739133,18642.157286230184,27206.302572467146
5,171963.0,24.928131416837783,18642.157286230184,27206.302572467146
6,191070.0,40.559701492537314,18642.157286230184,27206.302572467146
7,231021.0,29.63165399239543,18642.157286230184,27206.302572467146
8,267498.0,32.0925,18642.157286230184,27206.302572467146
9,316134.0,30.13651685393258,18642.157286230184,27206.302572467146
