,Snapshot number,N,k,q,C
0,0.0,75.0,18.0,17.0,0.031111111111111107
1,1.0,75.0,15.125,14.125,0.031111111111111107
2,2.0,75.0,0.0,0.0,0.0
3,3.0,75.0,17.0,16.0,0.0
4,4.0,75.0,19.0,18.0,0.0
5,5.0,75.0,18.833333333333332,17.833333333333336,0.0
6,6.0,75.0,3.5,2.5,0.0
7,7.0,75.0,19.0,18.0,0.0
8,8.0,75.0,11.3,10.4,0.031111111111111107
9,9.0,75.0,17.64,16.68,0.0913015873015873
10,10.0,75.0,12.684210526315791,11.736842105263161,0.06666666666666667
11,11.0,75.0,17.16666666666667,16.250000000000004,0.04
12,12.0,75.0,14.733333333333333,13.733333333333334,0.04444444444444444
13,13.0,75.0,16.25,15.25,0.0
14,14.0,75.0,11.8125,10.875,0.0
15,15.0,75.0,19.0,18.0,0.0
16,16.0,75.0,17.5,16.5,0.0
17,17.0,75.0,17.5,16.5,0.0
18,18.0,75.0,13.4,12.549999999999999,0.035111111111111114
19,19.0,75.0,17.625,16.625,0.04
20,20.0,75.0,17.062500000000004,16.062500000000004,0.0
21,21.0,75.0,19.307692307692307,18.307692307692307,0.05822222222222223
22,22.0,75.0,18.833333333333336,17.916666666666668,0.0
23,23.0,75.0,14.0,13.100000000000001,0.04
24,24.0,75.0,15.4375,14.625,0.02
25,25.0,75.0,20.722222222222218,19.77777777777778,0.008
26,26.0,75.0,23.166666666666668,22.166666666666668,0.0
27,27.0,75.0,22.000000000000007,21.000000000000004,0.0
28,28.0,75.0,22.083333333333336,21.083333333333332,0.028888888888888888
29,29.0,75.0,18.3,17.3,0.0
30,30.0,75.0,22.166666666666668,21.166666666666668,0.031111111111111107
31,31.0,75.0,16.0,15.100000000000001,0.05777777777777779
32,32.0,75.0,16.71428571428571,15.714285714285714,0.08666666666666667
33,33.0,75.0,16.714285714285715,15.714285714285712,0.04
34,34.0,75.0,16.111111111111114,15.277777777777779,0.062222222222222213
35,35.0,75.0,17.166666666666668,16.333333333333336,0.0
36,36.0,75.0,20.250000000000004,19.250000000000004,0.031111111111111114
37,37.0,75.0,21.722222222222225,20.805555555555557,0.056888888888888885
38,38.0,75.0,22.69230769230769,21.73076923076923,0.06444444444444446
39,39.0,75.0,25.750000000000007,24.750000000000007,0.057777777777777775
40,40.0,75.0,24.812500000000007,23.812500000000007,0.031111111111111107
41,41.0,75.0,19.5,18.5,0.02222222222222222
42,42.0,75.0,21.294117647058822,20.294117647058822,0.054666666666666676
43,43.0,75.0,24.708333333333336,23.708333333333336,0.07111111111111112
44,44.0,75.0,21.041666666666668,20.04166666666667,0.04666666666666667
45,45.0,75.0,24.785714285714285,23.785714285714285,0.04666666666666667
46,46.0,75.0,24.44444444444445,23.444444444444446,0.09333333333333332
47,47.0,75.0,24.200000000000003,23.200000000000003,0.04666666666666667
48,48.0,75.0,22.928571428571427,21.928571428571427,0.04
49,49.0,75.0,20.11111111111111,19.111111111111107,0.05422222222222222
50,50.0,75.0,20.250000000000004,19.250000000000004,0.031111111111111107
51,51.0,75.0,21.75,20.75,0.035555555555555556
52,52.0,75.0,21.950000000000003,20.950000000000003,0.03333333333333333
53,53.0,75.0,26.0,25.0,0.031111111111111107
54,54.0,75.0,31.250000000000007,30.250000000000004,0.0
55,55.0,75.0,28.900000000000002,27.900000000000002,0.04
56,56.0,75.0,27.66666666666667,26.66666666666667,0.04
57,57.0,75.0,30.8125,29.8125,0.07111111111111112
58,58.0,75.0,29.923076923076927,28.923076923076923,0.021777777777777778
59,59.0,75.0,29.888888888888893,28.888888888888893,0.09777777777777778
60,60.0,75.0,27.750000000000007,26.750000000000007,0.031111111111111107
61,61.0,75.0,27.900000000000006,26.900000000000006,0.0
62,62.0,75.0,32.37500000000001,31.375000000000007,0.0
63,63.0,75.0,27.333333333333336,26.333333333333336,0.0
64,64.0,75.0,28.0,27.0,0.0
65,65.0,75.0,22.5,21.5,0.0
66,66.0,75.0,0.0,0.0,0.0
67,67.0,75.0,21.0,20.0,0.0
68,68.0,75.0,0.0,0.0,0.0
69,69.0,75.0,21.0,20.0,0.0
70,70.0,75.0,0.0,0.0,0.0
71,71.0,75.0,0.0,0.0,0.0
72,72.0,75.0,0.0,0.0,0.0
73,73.0,75.0,32.0,31.0,0.0
74,74.0,75.0,32.0,31.0,0.0
75,75.0,75.0,32.0,31.0,0.0
76,76.0,75.0,32.0,31.0,0.0
77,77.0,75.0,34.25,33.25,0.0
78,78.0,75.0,36.666666666666664,35.66666666666667,0.0
79,79.0,75.0,39.66666666666667,38.66666666666667,0.04
80,80.0,75.0,37.333333333333336,36.333333333333336,0.0
81,81.0,75.0,40.5,39.5,0.031111111111111107
82,82.0,75.0,39.875,38.875,0.031111111111111107
83,83.0,75.0,38.8,37.8,0.04444444444444444
84,84.0,75.0,35.0,34.0,0.0
85,85.0,75.0,37.00000000000001,36.00000000000001,0.0
86,86.0,75.0,38.99999999999999,38.0,0.05333333333333334
87,87.0,75.0,36.66666666666667,35.66666666666667,0.04
88,88.0,75.0,36.25,35.25,0.0
89,89.0,75.0,0.0,0.0,0.0
90,90.0,75.0,0.0,0.0,0.0
91,91.0,75.0,0.0,0.0,0.0
92,92.0,75.0,32.0,31.0,0.0
93,93.0,75.0,0.0,0.0,0.0
94,94.0,75.0,0.0,0.0,0.0
95,95.0,75.0,32.0,31.0,0.0
96,96.0,75.0,0.0,0.0,0.0
97,97.0,75.0,0.0,0.0,0.0
98,98.0,75.0,0.0,0.0,0.0
99,99.0,75.0,0.0,0.0,0.0
100,100.0,75.0,0.0,0.0,0.0
101,101.0,75.0,0.0,0.0,0.0
102,102.0,75.0,32.0,31.0,0.0
103,103.0,75.0,0.0,0.0,0.0
104,104.0,75.0,0.0,0.0,0.0
105,105.0,75.0,0.0,0.0,0.0
106,106.0,75.0,0.0,0.0,0.0
107,107.0,75.0,36.0,35.0,0.0
108,108.0,75.0,36.0,35.0,0.0
109,109.0,75.0,0.0,0.0,0.0
110,110.0,75.0,0.0,0.0,0.0
111,111.0,75.0,0.0,0.0,0.0
112,112.0,75.0,0.0,0.0,0.0
113,113.0,75.0,0.0,0.0,0.0
114,114.0,75.0,0.0,0.0,0.0
115,115.0,75.0,0.0,0.0,0.0
116,116.0,75.0,0.0,0.0,0.0
117,117.0,75.0,0.0,0.0,0.0
118,118.0,75.0,37.0,36.0,0.0
119,119.0,75.0,36.75,35.75,0.0
120,120.0,75.0,0.0,0.0,0.0
121,121.0,75.0,0.0,0.0,0.0
122,122.0,75.0,0.0,0.0,0.0
123,123.0,75.0,0.0,0.0,0.0
124,124.0,75.0,0.0,0.0,0.0
125,125.0,75.0,0.0,0.0,0.0
126,126.0,75.0,0.0,0.0,0.0
127,127.0,75.0,0.0,0.0,0.0
128,128.0,75.0,0.0,0.0,0.0
129,129.0,75.0,0.0,0.0,0.0
130,130.0,75.0,0.0,0.0,0.0
131,131.0,75.0,0.0,0.0,0.0
132,132.0,75.0,0.0,0.0,0.0
133,133.0,75.0,40.0,39.0,0.0
134,134.0,75.0,38.33333333333334,37.333333333333336,0.0
135,135.0,75.0,38.2,37.2,0.028888888888888895
136,136.0,75.0,35.0,34.0,0.0
137,137.0,75.0,38.9,37.900000000000006,0.028888888888888895
138,138.0,75.0,37.0,36.0,0.0
139,139.0,75.0,39.16666666666667,38.16666666666667,0.0
140,140.0,75.0,36.75,35.75,0.0
141,141.0,75.0,36.75,35.75,0.0
142,142.0,75.0,36.75,35.75,0.0
143,143.0,75.0,40.5,39.5,0.0
144,144.0,75.0,0.0,0.0,0.0
145,145.0,75.0,18.5,17.5,0.0
146,146.0,75.0,9.0,8.0,0.0
147,147.0,75.0,11.0,10.0,0.0
148,148.0,75.0,16.916666666666668,15.916666666666668,0.0
149,149.0,75.0,18.25,17.25,0.04
150,150.0,75.0,19.5,18.5,0.0
151,151.0,75.0,17.125000000000004,16.125000000000004,0.033777777777777775
152,152.0,75.0,21.125,20.125,0.032
153,153.0,75.0,24.750000000000004,23.750000000000004,0.036000000000000004
154,154.0,75.0,27.944444444444446,26.944444444444446,0.0
155,155.0,75.0,26.166666666666668,25.166666666666668,0.06444444444444444
156,156.0,75.0,25.888888888888893,24.888888888888893,0.062222222222222213
157,157.0,75.0,24.555555555555554,23.555555555555554,0.07333333333333333
158,158.0,75.0,28.23529411764706,27.235294117647058,0.059682539682539684
159,159.0,75.0,23.94736842105263,22.94736842105263,0.05409523809523809
160,160.0,75.0,22.386363636363637,21.386363636363637,0.07903703703703706
161,161.0,75.0,22.15625,21.15625,0.06311111111111112
162,162.0,75.0,21.472222222222225,20.47222222222222,0.047999999999999994
163,163.0,75.0,20.75,19.821428571428573,0.06
164,164.0,75.0,16.066666666666666,15.233333333333334,0.08711111111111111
165,165.0,75.0,20.21153846153846,19.25,0.17155555555555557
166,166.0,75.0,18.886363636363637,17.97727272727273,0.07733333333333334
167,167.0,75.0,19.34375,18.4375,0.048888888888888885
168,168.0,75.0,21.966666666666665,21.03333333333333,0.12
169,169.0,75.0,21.884615384615387,20.923076923076927,0.028888888888888895
170,170.0,75.0,20.59375,19.625,0.04755555555555555
171,171.0,75.0,27.000000000000007,26.031250000000007,0.031111111111111107
172,172.0,75.0,20.666666666666668,19.727272727272727,0.12565079365079365
173,173.0,75.0,20.29032258064516,19.37096774193548,0.07022222222222223
174,174.0,75.0,20.659999999999997,19.72,0.064
175,175.0,75.0,18.10714285714286,17.250000000000004,0.07263492063492064
176,176.0,75.0,20.327272727272724,19.418181818181814,0.1313121693121693
177,177.0,75.0,20.430555555555554,19.444444444444443,0.12754497354497354
178,178.0,75.0,20.56666666666667,19.66666666666667,0.08361904761904762
179,179.0,75.0,22.859375000000004,21.937500000000004,0.1031111111111111
180,180.0,75.0,21.16216216216216,20.229729729729726,0.096
181,181.0,75.0,19.813953488372093,18.83720930232558,0.08437037037037037
182,182.0,75.0,21.24444444444444,20.288888888888888,0.12113516113516112
183,183.0,75.0,21.227272727272727,20.22727272727273,0.07111111111111112
184,184.0,75.0,21.051724137931032,20.120689655172413,0.07111111111111112
185,185.0,75.0,26.0,25.049999999999997,0.1297777777777778
186,186.0,75.0,21.585106382978722,20.606382978723403,0.1416931216931217
187,187.0,75.0,20.379310344827587,19.413793103448278,0.059555555555555556
188,188.0,75.0,19.456521739130437,18.510869565217398,0.1252910052910053
189,189.0,75.0,21.36486486486486,20.39189189189189,0.12996825396825396
190,190.0,75.0,21.014285714285716,20.071428571428573,0.11384126984126984
191,191.0,75.0,18.837209302325583,17.96511627906977,0.12380663780663781
192,192.0,75.0,21.055555555555557,20.138888888888893,0.09333333333333334
193,193.0,75.0,21.61764705882353,20.63235294117647,0.11333333333333333
194,194.0,75.0,22.82558139534884,21.837209302325583,0.11381529581529581
195,195.0,75.0,24.354838709677416,23.387096774193544,0.12634920634920635
196,196.0,75.0,21.316666666666663,20.316666666666666,0.09034920634920636
197,197.0,75.0,22.653846153846153,21.653846153846153,0.06444444444444444
198,198.0,75.0,18.763157894736842,17.763157894736842,0.044444444444444446
199,199.0,75.0,17.357142857142854,16.357142857142854,0.07822222222222223
200,200.0,75.0,19.86,18.86,0.06666666666666667
201,201.0,75.0,19.64705882352941,18.676470588235293,0.14330158730158732
202,202.0,75.0,16.371428571428574,15.414285714285715,0.10996825396825398
203,203.0,75.0,17.7,16.75,0.06
204,204.0,75.0,20.0,19.095238095238095,0.13777777777777778
205,205.0,75.0,16.612903225806452,15.74193548387097,0.0887936507936508
206,206.0,75.0,17.73684210526316,16.77631578947369,0.12892063492063494
207,207.0,75.0,18.40909090909091,17.484848484848488,0.0925021645021645
208,208.0,75.0,18.92857142857143,18.107142857142854,0.044000000000000004
209,209.0,75.0,15.8,15.0,0.02
210,210.0,75.0,15.983333333333333,15.066666666666666,0.0899047619047619
211,211.0,75.0,17.72222222222222,16.722222222222225,0.07149206349206348
212,212.0,75.0,25.227272727272727,24.22727272727273,0.035555555555555556
213,213.0,75.0,23.750000000000007,22.750000000000007,0.031111111111111107
214,214.0,75.0,24.625000000000007,23.625000000000004,0.05333333333333334
215,215.0,75.0,25.16666666666667,24.166666666666668,0.11295238095238096
216,216.0,75.0,23.891304347826086,22.891304347826086,0.12
217,217.0,75.0,25.299999999999997,24.3,0.12444444444444445
218,218.0,75.0,26.125000000000004,25.125000000000004,0.08525925925925927
219,219.0,75.0,25.625,24.625,0.15155555555555555
220,220.0,75.0,27.545454545454547,26.545454545454547,0.07466666666666667
221,221.0,75.0,26.479166666666668,25.479166666666668,0.09942857142857144
222,222.0,75.0,21.125000000000004,20.125,0.13955555555555554
223,223.0,75.0,20.982142857142854,20.07142857142857,0.06533333333333334
224,224.0,75.0,26.38095238095238,25.428571428571427,0.06088888888888889
225,225.0,75.0,23.909090909090907,23.022727272727273,0.05822222222222222
226,226.0,75.0,22.326086956521742,21.347826086956523,0.08577777777777779
227,227.0,75.0,22.0,21.045454545454547,0.10444444444444444
228,228.0,75.0,22.441176470588236,21.470588235294116,0.08888888888888888
229,229.0,75.0,22.5,21.566666666666666,0.11555555555555555
230,230.0,75.0,18.928571428571427,18.07142857142857,0.07644444444444444
231,231.0,75.0,18.066666666666666,17.166666666666664,0.044444444444444446
232,232.0,75.0,19.444444444444446,18.555555555555557,0.0
233,233.0,75.0,17.324999999999996,16.4,0.08812698412698412
234,234.0,75.0,20.558823529411764,19.558823529411768,0.04
235,235.0,75.0,19.735294117647058,18.735294117647058,0.062222222222222213
236,236.0,75.0,20.142857142857142,19.21428571428572,0.0
237,237.0,75.0,18.82142857142857,17.964285714285715,0.12
238,238.0,75.0,23.85714285714286,22.85714285714286,0.05111111111111111
239,239.0,75.0,21.291666666666668,20.375,0.03822222222222222
240,240.0,75.0,23.76923076923077,22.76923076923077,0.0911111111111111
241,241.0,75.0,20.72222222222222,19.72222222222222,0.06933333333333333
242,242.0,75.0,22.541666666666668,21.54166666666667,0.05333333333333334
243,243.0,75.0,25.583333333333336,24.583333333333336,0.04533333333333333
244,244.0,75.0,24.25,23.250000000000004,0.031111111111111107
245,245.0,75.0,21.35714285714286,20.35714285714286,0.030666666666666665
246,246.0,75.0,23.107142857142854,22.107142857142854,0.057777777777777775
247,247.0,75.0,23.0,22.0,0.055555555555555546
248,248.0,75.0,25.75,24.75,0.055111111111111104
249,249.0,75.0,22.64285714285714,21.64285714285714,0.01777777777777778
250,250.0,75.0,39.0,38.0,0.0
251,251.0,75.0,17.66666666666667,16.66666666666667,0.05422222222222222
252,252.0,75.0,16.363636363636363,15.363636363636363,0.04888888888888889
253,253.0,75.0,17.562500000000004,16.562500000000004,0.05111111111111111
254,254.0,75.0,23.0,22.0,0.04666666666666667
255,255.0,75.0,26.937500000000007,25.937500000000007,0.04
256,256.0,75.0,23.7,22.700000000000003,0.06444444444444446
257,257.0,75.0,23.75,22.75,0.062222222222222213
258,258.0,75.0,26.799999999999997,25.8,0.051111111111111114
259,259.0,75.0,20.71428571428571,19.714285714285715,0.035555555555555556
260,260.0,75.0,27.642857142857146,26.642857142857146,0.02
261,261.0,75.0,28.111111111111114,27.111111111111114,0.035555555555555556
262,262.0,75.0,22.928571428571427,21.92857142857143,0.02222222222222222
263,263.0,75.0,26.999999999999996,26.0,0.04933333333333333
264,264.0,75.0,23.687500000000007,22.687500000000007,0.035555555555555556
265,265.0,75.0,13.0,12.0,0.0
266,266.0,75.0,0.0,0.0,0.0
267,267.0,75.0,0.0,0.0,0.0
268,268.0,75.0,7.0,6.0,0.0
269,269.0,75.0,0.0,0.0,0.0
270,270.0,75.0,0.0,0.0,0.0
271,271.0,75.0,40.0,39.0,0.0
272,272.0,75.0,0.0,0.0,0.0
273,273.0,75.0,0.0,0.0,0.0
274,274.0,75.0,0.0,0.0,0.0
275,275.0,75.0,0.0,0.0,0.0
276,276.0,75.0,0.0,0.0,0.0
277,277.0,75.0,0.0,0.0,0.0
278,278.0,75.0,0.0,0.0,0.0
279,279.0,75.0,0.0,0.0,0.0
280,280.0,75.0,0.0,0.0,0.0
281,281.0,75.0,0.0,0.0,0.0
282,282.0,75.0,0.0,0.0,0.0
283,283.0,75.0,0.0,0.0,0.0
284,284.0,75.0,0.0,0.0,0.0
285,285.0,75.0,0.0,0.0,0.0
286,286.0,75.0,0.0,0.0,0.0
287,287.0,75.0,0.0,0.0,0.0
288,288.0,75.0,0.0,0.0,0.0
289,289.0,75.0,0.0,0.0,0.0
290,290.0,75.0,0.0,0.0,0.0
291,291.0,75.0,0.0,0.0,0.0
292,292.0,75.0,0.0,0.0,0.0
293,293.0,75.0,0.0,0.0,0.0
294,294.0,75.0,0.0,0.0,0.0
295,295.0,75.0,0.0,0.0,0.0
296,296.0,75.0,0.0,0.0,0.0
297,297.0,75.0,0.0,0.0,0.0
298,298.0,75.0,0.0,0.0,0.0
299,299.0,75.0,0.0,0.0,0.0
300,300.0,75.0,0.0,0.0,0.0
301,301.0,75.0,0.0,0.0,0.0
302,302.0,75.0,0.0,0.0,0.0
303,303.0,75.0,0.0,0.0,0.0
304,304.0,75.0,0.0,0.0,0.0
305,305.0,75.0,0.0,0.0,0.0
306,306.0,75.0,0.0,0.0,0.0
307,307.0,75.0,0.0,0.0,0.0
308,308.0,75.0,0.0,0.0,0.0
309,309.0,75.0,0.0,0.0,0.0
310,310.0,75.0,0.0,0.0,0.0
311,311.0,75.0,0.0,0.0,0.0
312,312.0,75.0,0.0,0.0,0.0
313,313.0,75.0,0.0,0.0,0.0
314,314.0,75.0,0.0,0.0,0.0
315,315.0,75.0,0.0,0.0,0.0
316,316.0,75.0,0.0,0.0,0.0
317,317.0,75.0,0.0,0.0,0.0
318,318.0,75.0,0.0,0.0,0.0
319,319.0,75.0,0.0,0.0,0.0
320,320.0,75.0,0.0,0.0,0.0
321,321.0,75.0,0.0,0.0,0.0
322,322.0,75.0,0.0,0.0,0.0
323,323.0,75.0,0.0,0.0,0.0
324,324.0,75.0,0.0,0.0,0.0
325,325.0,75.0,0.0,0.0,0.0
326,326.0,75.0,0.0,0.0,0.0
327,327.0,75.0,0.0,0.0,0.0
328,328.0,75.0,0.0,0.0,0.0
329,329.0,75.0,0.0,0.0,0.0
330,330.0,75.0,0.0,0.0,0.0
331,331.0,75.0,0.0,0.0,0.0
332,332.0,75.0,0.0,0.0,0.0
333,333.0,75.0,50.0,49.0,0.0
334,334.0,75.0,50.0,49.0,0.0
335,335.0,75.0,50.0,49.0,0.0
336,336.0,75.0,50.0,49.0,0.0
337,337.0,75.0,0.0,0.0,0.0
338,338.0,75.0,50.0,49.0,0.0
339,339.0,75.0,50.0,49.0,0.0
340,340.0,75.0,0.0,0.0,0.0
341,341.0,75.0,0.0,0.0,0.0
342,342.0,75.0,50.0,49.0,0.0
343,343.0,75.0,0.0,0.0,0.0
344,344.0,75.0,27.0,26.0,0.0
345,345.0,75.0,28.0,27.0,0.0
346,346.0,75.0,28.375000000000007,27.375000000000007,0.05333333333333334
347,347.0,75.0,27.0625,26.0625,0.04711111111111112
348,348.0,75.0,28.666666666666668,27.666666666666668,0.05333333333333334
349,349.0,75.0,35.68750000000001,34.68750000000001,0.02
350,350.0,75.0,35.375,34.375,0.04711111111111111
351,351.0,75.0,39.33333333333334,38.333333333333336,0.04
352,352.0,75.0,35.83333333333333,34.83333333333333,0.04133333333333333
353,353.0,75.0,35.5,34.5,0.04755555555555555
354,354.0,75.0,34.225,33.225,0.07158730158730159
355,355.0,75.0,30.636363636363637,29.636363636363637,0.06924098124098124
356,356.0,75.0,34.916666666666664,33.916666666666664,0.08666666666666667
357,357.0,75.0,33.7962962962963,32.7962962962963,0.0893968253968254
358,358.0,75.0,39.36363636363637,38.36363636363637,0.030666666666666665
359,359.0,75.0,40.16666666666667,39.16666666666667,0.04711111111111111
360,360.0,75.0,28.821428571428573,28.000000000000007,0.05555555555555556
361,361.0,75.0,31.020833333333336,30.0625,0.07904761904761905
362,362.0,75.0,32.23076923076924,31.230769230769237,0.01111111111111111
363,363.0,75.0,30.1875,29.25,0.04266666666666667
364,364.0,75.0,23.833333333333332,22.88095238095238,0.09073015873015873
365,365.0,75.0,27.319444444444443,26.374999999999996,0.12371428571428571
366,366.0,75.0,28.977272727272727,28.0,0.07999999999999999
367,367.0,75.0,28.4,27.433333333333337,0.07777777777777778
368,368.0,75.0,30.976190476190474,29.999999999999996,0.057777777777777775
369,369.0,75.0,31.629629629629633,30.629629629629633,0.07209523809523809
370,370.0,75.0,27.34210526315789,26.342105263157897,0.1097777777777778
371,371.0,75.0,26.954545454545453,25.954545454545453,0.1052063492063492
372,372.0,75.0,26.950000000000003,25.975,0.07733333333333332
373,373.0,75.0,25.333333333333332,24.366666666666667,0.09111111111111111
374,374.0,75.0,23.55555555555556,22.629629629629633,0.10666666666666666
375,375.0,75.0,21.532258064516128,20.580645161290324,0.11523809523809524
376,376.0,75.0,26.183673469387752,25.183673469387752,0.09367580567580569
377,377.0,75.0,22.77631578947368,21.77631578947368,0.09885714285714287
378,378.0,75.0,25.60810810810811,24.648648648648646,0.132
379,379.0,75.0,28.852941176470587,27.86764705882353,0.1638730158730159
380,380.0,75.0,21.92307692307692,21.03846153846154,0.14247619047619048
381,381.0,75.0,24.90217391304348,23.913043478260867,0.09345165945165944
382,382.0,75.0,24.625,23.674999999999997,0.16091323491323495
383,383.0,75.0,24.5,23.613636363636367,0.06806349206349208
384,384.0,75.0,22.980000000000004,22.04,0.07777777777777778
385,385.0,75.0,26.65909090909091,25.727272727272727,0.12044444444444444
386,386.0,75.0,26.3125,25.406249999999993,0.1541058201058201
387,387.0,75.0,28.275000000000002,27.3375,0.1902222222222222
388,388.0,75.0,25.28125,24.3046875,0.2161702741702742
389,389.0,75.0,25.77027027027027,24.783783783783786,0.1426031746031746
390,390.0,75.0,26.954545454545453,25.954545454545453,0.1314747474747475
391,391.0,75.0,27.048076923076923,26.057692307692307,0.12848677248677248
392,392.0,75.0,34.055555555555564,33.074074074074076,0.07257142857142856
393,393.0,75.0,27.3125,26.359375,0.06
394,394.0,75.0,30.01111111111112,29.01111111111112,0.13184126984126984
395,395.0,75.0,22.353658536585368,21.402439024390247,0.12223953823953826
396,396.0,75.0,27.26190476190476,26.261904761904763,0.08844444444444444
397,397.0,75.0,28.803030303030305,27.833333333333336,0.15733333333333335
398,398.0,75.0,30.812500000000007,29.854166666666668,0.03911111111111111
399,399.0,75.0,29.4,28.4,0.1391111111111111
400,400.0,75.0,22.5,21.5,0.11111111111111109
401,401.0,75.0,24.20833333333334,23.20833333333334,0.03733333333333333
402,402.0,75.0,24.81578947368421,23.81578947368421,0.060888888888888874
403,403.0,75.0,21.607142857142854,20.607142857142854,0.040888888888888884
404,404.0,75.0,25.694444444444446,24.722222222222225,0.034666666666666665
405,405.0,75.0,19.064516129032256,18.177419354838708,0.07117460317460315
406,406.0,75.0,23.08139534883721,22.186046511627907,0.09428571428571428
407,407.0,75.0,26.9375,25.96875,0.10014718614718614
408,408.0,75.0,24.02631578947369,23.026315789473685,0.06622222222222222
409,409.0,75.0,26.928571428571434,25.964285714285715,0.024444444444444442
410,410.0,75.0,19.852941176470587,18.970588235294116,0.027936507936507936
411,411.0,75.0,19.4,18.566666666666663,0.051555555555555556
412,412.0,75.0,18.0,17.111111111111107,0.031111111111111107
413,413.0,75.0,26.1875,25.25,0.04
414,414.0,75.0,27.750000000000004,26.81818181818182,0.06933333333333333
415,415.0,75.0,21.166666666666664,20.27777777777778,0.02222222222222222
416,416.0,75.0,22.4,21.475,0.04622222222222223
417,417.0,75.0,22.79166666666667,21.83333333333334,0.04
418,418.0,75.0,19.884615384615387,18.923076923076927,0.06
419,419.0,75.0,21.0,19.999999999999996,0.06304761904761905
420,420.0,75.0,23.85714285714286,22.85714285714286,0.035555555555555556
421,421.0,75.0,21.250000000000004,20.25,0.044000000000000004
422,422.0,75.0,32.42307692307692,31.423076923076923,0.03244444444444444
423,423.0,75.0,29.875000000000004,28.875000000000004,0.02
424,424.0,75.0,28.568181818181817,27.568181818181817,0.051555555555555556
425,425.0,75.0,22.90000000000001,21.900000000000006,0.0339047619047619
426,426.0,75.0,25.72222222222222,24.72222222222222,0.028888888888888888
427,427.0,75.0,25.299999999999997,24.3,0.0
428,428.0,75.0,24.075,23.075000000000003,0.07822222222222223
429,429.0,75.0,22.192307692307693,21.19230769230769,0.08399999999999999
430,430.0,75.0,26.333333333333336,25.333333333333336,0.028
431,431.0,75.0,18.38235294117647,17.382352941176475,0.10444444444444444
432,432.0,75.0,23.615384615384613,22.615384615384613,0.06666666666666667
433,433.0,75.0,24.884615384615387,23.884615384615387,0.05022222222222223
434,434.0,75.0,27.999999999999996,27.0,0.08355555555555555
435,435.0,75.0,22.32142857142857,21.32142857142857,0.044444444444444446
436,436.0,75.0,18.97222222222222,17.97222222222222,0.06799999999999999
437,437.0,75.0,20.375,19.375,0.04755555555555555
438,438.0,75.0,26.21875,25.21875,0.025333333333333333
439,439.0,75.0,20.705882352941178,19.705882352941178,0.015555555555555553
440,440.0,75.0,23.250000000000007,22.25,0.031111111111111107
441,441.0,75.0,23.5,22.5,0.026666666666666665
442,442.0,75.0,24.5,23.5,0.0
443,443.0,75.0,29.58333333333334,28.583333333333336,0.0
444,444.0,75.0,36.1,35.1,0.0
445,445.0,75.0,31.428571428571434,30.428571428571434,0.0
446,446.0,75.0,34.142857142857146,33.142857142857146,0.04444444444444444
447,447.0,75.0,35.83333333333334,34.833333333333336,0.0
448,448.0,75.0,23.500000000000004,22.500000000000004,0.0
449,449.0,75.0,23.16666666666667,22.166666666666668,0.0
450,450.0,75.0,27.714285714285715,26.71428571428572,0.028888888888888895
451,451.0,75.0,45.5,44.5,0.0
452,452.0,75.0,35.66666666666667,34.66666666666667,0.0
453,453.0,75.0,29.07142857142857,28.07142857142857,0.04666666666666667
454,454.0,75.0,40.25,39.25,0.0
455,455.0,75.0,44.5,43.5,0.0
456,456.0,75.0,32.12500000000001,31.125000000000007,0.031111111111111107
457,457.0,75.0,36.0,35.0,0.031111111111111107
458,458.0,75.0,40.16666666666667,39.16666666666667,0.031111111111111107
459,459.0,75.0,39.357142857142854,38.357142857142854,0.02222222222222222
460,460.0,75.0,33.083333333333336,32.083333333333336,0.02
461,461.0,75.0,40.0,39.00000000000001,0.031111111111111114
462,462.0,75.0,31.666666666666668,30.666666666666668,0.04
463,463.0,75.0,40.25,39.25,0.0
464,464.0,75.0,35.0,34.0,0.0
465,465.0,75.0,45.66666666666667,44.66666666666667,0.05333333333333334
466,466.0,75.0,55.33333333333334,54.333333333333336,0.0
467,467.0,75.0,49.625000000000014,48.625000000000014,0.04
468,468.0,75.0,63.0,62.0,0.0
469,469.0,75.0,63.0,62.0,0.0
470,470.0,75.0,63.0,62.0,0.0
471,471.0,75.0,63.0,62.0,0.0
472,472.0,75.0,51.5,50.5,0.0
473,473.0,75.0,58.5,57.5,0.028
474,474.0,75.0,59.0,58.0,0.04
475,475.0,75.0,59.21428571428571,58.21428571428571,0.01911111111111111
476,476.0,75.0,57.91666666666668,56.91666666666667,0.04
477,477.0,75.0,61.91666666666667,60.91666666666667,0.04
478,478.0,75.0,63.0,62.0,0.0
479,479.0,75.0,64.25,63.25,0.0
480,480.0,75.0,63.0,62.0,0.0
481,481.0,75.0,57.33333333333334,56.33333333333334,0.04
482,482.0,75.0,54.5,53.5,0.0
483,483.0,75.0,0.0,0.0,0.0
484,484.0,75.0,0.0,0.0,0.0
485,485.0,75.0,63.0,62.0,0.0
486,486.0,75.0,0.0,0.0,0.0
487,487.0,75.0,0.0,0.0,0.0
488,488.0,75.0,0.0,0.0,0.0
489,489.0,75.0,0.0,0.0,0.0
490,490.0,75.0,0.0,0.0,0.0
491,491.0,75.0,0.0,0.0,0.0
492,492.0,75.0,0.0,0.0,0.0
493,493.0,75.0,0.0,0.0,0.0
494,494.0,75.0,0.0,0.0,0.0
495,495.0,75.0,0.0,0.0,0.0
496,496.0,75.0,0.0,0.0,0.0
497,497.0,75.0,49.5,48.5,0.0
498,498.0,75.0,0.0,0.0,0.0
499,499.0,75.0,0.0,0.0,0.0
500,500.0,75.0,0.0,0.0,0.0
501,501.0,75.0,0.0,0.0,0.0
502,502.0,75.0,0.0,0.0,0.0
503,503.0,75.0,0.0,0.0,0.0
504,504.0,75.0,0.0,0.0,0.0
505,505.0,75.0,0.0,0.0,0.0
506,506.0,75.0,0.0,0.0,0.0
507,507.0,75.0,0.0,0.0,0.0
508,508.0,75.0,0.0,0.0,0.0
509,509.0,75.0,0.0,0.0,0.0
510,510.0,75.0,61.5,60.5,0.0
511,511.0,75.0,61.5,60.5,0.0
512,512.0,75.0,61.333333333333336,60.33333333333334,0.04
513,513.0,75.0,63.0,62.0,0.0
514,514.0,75.0,63.5,62.5,0.0
515,515.0,75.0,63.0,62.0,0.0
516,516.0,75.0,63.0,62.0,0.0
517,517.0,75.0,0.0,0.0,0.0
518,518.0,75.0,0.0,0.0,0.0
519,519.0,75.0,63.0,62.0,0.0
520,520.0,75.0,63.0,62.0,0.0
521,521.0,75.0,63.0,62.0,0.0
522,522.0,75.0,63.0,62.0,0.0
523,523.0,75.0,0.0,0.0,0.0
524,524.0,75.0,0.0,0.0,0.0
525,525.0,75.0,0.0,0.0,0.0
526,526.0,75.0,0.0,0.0,0.0
527,527.0,75.0,0.0,0.0,0.0
528,528.0,75.0,0.0,0.0,0.0
529,529.0,75.0,0.0,0.0,0.0
530,530.0,75.0,0.0,0.0,0.0
531,531.0,75.0,63.0,62.0,0.0
532,532.0,75.0,0.0,0.0,0.0
533,533.0,75.0,55.400000000000006,54.4,0.028888888888888895
534,534.0,75.0,58.35714285714285,57.357142857142854,0.03822222222222222
535,535.0,75.0,57.00000000000001,56.00000000000001,0.04
536,536.0,75.0,58.08333333333334,57.08333333333334,0.04
537,537.0,75.0,63.0,62.0,0.0
538,538.0,75.0,65.5,64.5,0.0
539,539.0,75.0,0.0,0.0,0.0
540,540.0,75.0,58.5,57.5,0.0
541,541.0,75.0,63.0,62.0,0.0
542,542.0,75.0,26.5,25.5,0.0
543,543.0,75.0,45.5,44.5,0.0
544,544.0,75.0,44.916666666666664,43.91666666666667,0.031111111111111114
545,545.0,75.0,35.75,34.75,0.04622222222222223
546,546.0,75.0,42.39285714285714,41.39285714285714,0.0853968253968254
547,547.0,75.0,36.58333333333334,35.583333333333336,0.035555555555555556
548,548.0,75.0,37.0,36.0,0.06044444444444444
549,549.0,75.0,37.166666666666664,36.166666666666664,0.06476190476190477
550,550.0,75.0,42.96153846153846,41.96153846153846,0.07022222222222223
551,551.0,75.0,37.65384615384615,36.65384615384615,0.04444444444444444
552,552.0,75.0,37.77777777777778,36.77777777777777,0.031111111111111107
553,553.0,75.0,37.00000000000001,36.00000000000001,0.04
554,554.0,75.0,37.44444444444444,36.44444444444444,0.05961904761904762
555,555.0,75.0,38.868421052631575,37.868421052631575,0.062222222222222213
556,556.0,75.0,38.34375000000001,37.34375000000001,0.08666666666666667
557,557.0,75.0,42.83333333333334,41.83333333333334,0.07082539682539682
558,558.0,75.0,35.800000000000004,34.8,0.04
559,559.0,75.0,32.66666666666667,31.666666666666668,0.04444444444444444
560,560.0,75.0,33.22222222222222,32.22222222222222,0.035555555555555556
561,561.0,75.0,32.25,31.3125,0.06577777777777777
562,562.0,75.0,25.625000000000004,24.72916666666667,0.07104761904761904
563,563.0,75.0,37.769230769230774,36.80769230769231,0.04666666666666667
564,564.0,75.0,30.06578947368421,29.131578947368418,0.13695238095238096
565,565.0,75.0,29.38095238095238,28.404761904761905,0.031111111111111107
566,566.0,75.0,36.852941176470594,35.852941176470594,0.06177777777777777
567,567.0,75.0,33.31578947368421,32.31578947368422,0.10800000000000001
568,568.0,75.0,34.5,33.5,0.06133333333333333
569,569.0,75.0,33.199999999999996,32.2,0.08562962962962962
570,570.0,75.0,25.060000000000002,24.120000000000005,0.18295238095238092
571,571.0,75.0,28.119047619047617,27.119047619047617,0.11377777777777777
572,572.0,75.0,27.013513513513516,26.027027027027025,0.19415873015873017
573,573.0,75.0,28.0,26.999999999999996,0.12215873015873015
574,574.0,75.0,35.38888888888889,34.40740740740741,0.12933333333333333
575,575.0,75.0,25.35185185185185,24.351851851851855,0.09777777777777777
576,576.0,75.0,33.763157894736835,32.76315789473684,0.05111111111111111
577,577.0,75.0,28.304878048780495,27.329268292682933,0.11806060606060605
578,578.0,75.0,26.342105263157894,25.381578947368418,0.10965079365079367
579,579.0,75.0,30.074999999999992,29.099999999999994,0.1182222222222222
580,580.0,75.0,26.79090909090909,25.87272727272727,0.19033862433862436
581,581.0,75.0,25.407894736842106,24.539473684210527,0.08952380952380952
582,582.0,75.0,27.473684210526308,26.526315789473685,0.06152380952380953
583,583.0,75.0,25.189655172413794,24.206896551724135,0.0847936507936508
584,584.0,75.0,29.396551724137932,28.46551724137931,0.08799999999999998
585,585.0,75.0,25.390625,24.5,0.07276190476190475
586,586.0,75.0,28.523809523809526,27.57142857142857,0.07555555555555554
587,587.0,75.0,32.77777777777778,31.77777777777778,0.056888888888888885
588,588.0,75.0,26.45238095238095,25.45238095238095,0.11494179894179896
589,589.0,75.0,24.243243243243242,23.2972972972973,0.11314285714285714
590,590.0,75.0,30.305555555555554,29.319444444444443,0.12503703703703703
591,591.0,75.0,30.71875,29.71875,0.08069841269841271
592,592.0,75.0,33.163265306122454,32.16326530612245,0.16669841269841268
593,593.0,75.0,33.0,31.999999999999993,0.07999999999999999
594,594.0,75.0,27.782608695652176,26.847826086956523,0.10222222222222221
595,595.0,75.0,27.5,26.576923076923077,0.07111111111111112
596,596.0,75.0,27.250000000000007,26.343750000000004,0.09777777777777778
597,597.0,75.0,22.84090909090909,21.977272727272727,0.07377777777777778
598,598.0,75.0,25.555555555555557,24.68518518518519,0.0826031746031746
599,599.0,75.0,27.750000000000004,26.785714285714285,0.0751111111111111
600,600.0,75.0,30.0,29.04166666666667,0.05422222222222222
601,601.0,75.0,21.155172413793103,20.258620689655174,0.10666666666666666
602,602.0,75.0,25.599999999999994,24.65,0.07174603174603174
603,603.0,75.0,26.833333333333332,25.833333333333332,0.09777777777777777
604,604.0,75.0,26.19565217391305,25.21739130434783,0.1022222222222222
605,605.0,75.0,21.744897959183675,20.846938775510203,0.10894276094276094
606,606.0,75.0,26.307692307692307,25.307692307692307,0.031111111111111107
607,607.0,75.0,31.5,30.5,0.04
608,608.0,75.0,29.749999999999996,28.803571428571427,0.06850793650793652
609,609.0,75.0,21.35,20.400000000000002,0.0
610,610.0,75.0,18.857142857142854,17.857142857142854,0.0
611,611.0,75.0,19.900000000000002,19.000000000000004,0.0
612,612.0,75.0,29.875,28.875,0.0
613,613.0,75.0,20.9375,19.9375,0.07111111111111112
614,614.0,75.0,21.54166666666667,20.583333333333336,0.06666666666666667
615,615.0,75.0,17.593750000000004,16.687500000000004,0.041777777777777775
616,616.0,75.0,26.499999999999996,25.57142857142857,0.0
617,617.0,75.0,22.75,21.8,0.02
618,618.0,75.0,20.863636363636363,20.0,0.0
619,619.0,75.0,32.05555555555556,31.05555555555556,0.0
620,620.0,75.0,38.5,37.50000000000001,0.0
621,621.0,75.0,24.91666666666667,23.916666666666668,0.031111111111111114
622,622.0,75.0,16.375,15.375,0.031111111111111107
623,623.0,75.0,26.642857142857146,25.714285714285715,0.050666666666666665
624,624.0,75.0,27.66666666666667,26.666666666666668,0.0
625,625.0,75.0,22.5,21.5,0.05511111111111112
626,626.0,75.0,20.875000000000007,19.875000000000004,0.031111111111111107
627,627.0,75.0,21.772727272727273,20.772727272727273,0.05733333333333333
628,628.0,75.0,18.458333333333332,17.458333333333336,0.036000000000000004
629,629.0,75.0,24.928571428571427,23.928571428571427,0.031111111111111107
630,630.0,75.0,26.812500000000007,25.812500000000007,0.0
631,631.0,75.0,21.125,20.125,0.0
632,632.0,75.0,28.950000000000003,27.95,0.05333333333333334
633,633.0,75.0,29.0,28.083333333333336,0.0
634,634.0,75.0,11.5,10.625,0.0
635,635.0,75.0,24.200000000000003,23.200000000000003,0.04
636,636.0,75.0,34.0,33.0,0.0
637,637.0,75.0,30.625,29.625,0.0
638,638.0,75.0,39.900000000000006,38.900000000000006,0.0
639,639.0,75.0,35.16666666666667,34.16666666666667,0.0
640,640.0,75.0,33.125000000000014,32.125000000000014,0.031111111111111107
641,641.0,75.0,30.500000000000004,29.500000000000004,0.04
642,642.0,75.0,25.1875,24.1875,0.0
643,643.0,75.0,35.583333333333336,34.583333333333336,0.04
644,644.0,75.0,41.0,40.0,0.0
645,645.0,75.0,34.25,33.25,0.0
646,646.0,75.0,0.0,0.0,0.0
647,647.0,75.0,0.0,0.0,0.0
648,648.0,75.0,0.0,0.0,0.0
649,649.0,75.0,32.75,31.75,0.0
650,650.0,75.0,0.0,0.0,0.0
651,651.0,75.0,19.25,18.25,0.0
652,652.0,75.0,30.125,29.125,0.0
653,653.0,75.0,29.9,28.900000000000002,0.031111111111111107
654,654.0,75.0,44.25,43.25,0.0
655,655.0,75.0,28.0,27.0,0.0
656,656.0,75.0,32.375,31.375,0.0
657,657.0,75.0,37.75,36.75,0.04
658,658.0,75.0,39.0,38.0,0.0
659,659.0,75.0,27.75,26.75,0.0
660,660.0,75.0,39.0,38.0,0.0
661,661.0,75.0,39.0,38.0,0.0
662,662.0,75.0,39.0,38.0,0.0
663,663.0,75.0,23.0,22.0,0.0
664,664.0,75.0,22.0,21.0,0.0
665,665.0,75.0,35.0,34.0,0.0
666,666.0,75.0,0.0,0.0,0.0
667,667.0,75.0,48.0,47.0,0.0
668,668.0,75.0,48.0,47.0,0.0
669,669.0,75.0,48.0,47.0,0.0
670,670.0,75.0,48.0,47.0,0.0
671,671.0,75.0,60.0,59.0,0.0
672,672.0,75.0,0.0,0.0,0.0
673,673.0,75.0,0.0,0.0,0.0
674,674.0,75.0,0.0,0.0,0.0
675,675.0,75.0,60.5,59.5,0.0
676,676.0,75.0,54.00000000000001,53.0,0.0
677,677.0,75.0,56.5,55.5,0.0
678,678.0,75.0,52.0,51.0,0.0
679,679.0,75.0,66.83333333333334,65.83333333333334,0.0
680,680.0,75.0,63.00000000000001,62.000000000000014,0.0
681,681.0,75.0,0.0,0.0,0.0
682,682.0,75.0,0.0,0.0,0.0
683,683.0,75.0,0.0,0.0,0.0
684,684.0,75.0,49.5,48.5,0.0
685,685.0,75.0,0.0,0.0,0.0
686,686.0,75.0,0.0,0.0,0.0
687,687.0,75.0,0.0,0.0,0.0
688,688.0,75.0,0.0,0.0,0.0
689,689.0,75.0,0.0,0.0,0.0
690,690.0,75.0,59.5,58.5,0.0
691,691.0,75.0,0.0,0.0,0.0
692,692.0,75.0,0.0,0.0,0.0
693,693.0,75.0,0.0,0.0,0.0
694,694.0,75.0,0.0,0.0,0.0
695,695.0,75.0,0.0,0.0,0.0
696,696.0,75.0,0.0,0.0,0.0
697,697.0,75.0,0.0,0.0,0.0
698,698.0,75.0,0.0,0.0,0.0
699,699.0,75.0,0.0,0.0,0.0
700,700.0,75.0,66.5,65.5,0.0
701,701.0,75.0,0.0,0.0,0.0
702,702.0,75.0,0.0,0.0,0.0
703,703.0,75.0,0.0,0.0,0.0
704,704.0,75.0,0.0,0.0,0.0
705,705.0,75.0,0.0,0.0,0.0
706,706.0,75.0,0.0,0.0,0.0
707,707.0,75.0,60.0,59.0,0.0
708,708.0,75.0,0.0,0.0,0.0
709,709.0,75.0,0.0,0.0,0.0
710,710.0,75.0,0.0,0.0,0.0
711,711.0,75.0,0.0,0.0,0.0
712,712.0,75.0,0.0,0.0,0.0
713,713.0,75.0,0.0,0.0,0.0
714,714.0,75.0,0.0,0.0,0.0
715,715.0,75.0,0.0,0.0,0.0
716,716.0,75.0,0.0,0.0,0.0
717,717.0,75.0,0.0,0.0,0.0
718,718.0,75.0,62.5,61.5,0.0
719,719.0,75.0,62.5,61.5,0.0
720,720.0,75.0,60.5,59.5,0.0
721,721.0,75.0,0.0,0.0,0.0
722,722.0,75.0,0.0,0.0,0.0
723,723.0,75.0,0.0,0.0,0.0
724,724.0,75.0,0.0,0.0,0.0
725,725.0,75.0,0.0,0.0,0.0
726,726.0,75.0,0.0,0.0,0.0
727,727.0,75.0,0.0,0.0,0.0
728,728.0,75.0,0.0,0.0,0.0
729,729.0,75.0,0.0,0.0,0.0
730,730.0,75.0,0.0,0.0,0.0
731,731.0,75.0,56.25,55.25,0.0
732,732.0,75.0,54.0,53.0,0.0
733,733.0,75.0,57.833333333333336,56.83333333333334,0.0
734,734.0,75.0,0.0,0.0,0.0
735,735.0,75.0,0.0,0.0,0.0
736,736.0,75.0,0.0,0.0,0.0
737,737.0,75.0,0.0,0.0,0.0
738,738.0,75.0,0.0,0.0,0.0
739,739.0,75.0,0.0,0.0,0.0
740,740.0,75.0,56.0,55.0,0.0
741,741.0,75.0,40.5,39.5,0.0
742,742.0,75.0,27.66666666666667,26.66666666666667,0.0
743,743.0,75.0,36.875,35.875,0.0
744,744.0,75.0,28.950000000000003,27.950000000000003,0.056
745,745.0,75.0,26.071428571428577,25.071428571428573,0.02222222222222222
746,746.0,75.0,23.11764705882353,22.11764705882353,0.07333333333333333
747,747.0,75.0,21.863636363636363,20.863636363636363,0.04533333333333333
748,748.0,75.0,25.384615384615387,24.384615384615383,0.043111111111111114
749,749.0,75.0,36.7,35.7,0.07111111111111112
750,750.0,75.0,38.269230769230774,37.26923076923077,0.06
751,751.0,75.0,36.8,35.8,0.08222222222222222
752,752.0,75.0,36.86666666666667,35.86666666666667,0.07866666666666666
753,753.0,75.0,35.875,34.875,0.031111111111111107
754,754.0,75.0,32.625,31.625,0.09733333333333333
755,755.0,75.0,32.94117647058824,31.94117647058824,0.11599999999999999
756,756.0,75.0,33.73333333333333,32.73333333333333,0.08266666666666667
757,757.0,75.0,34.599999999999994,33.599999999999994,0.050222222222222224
758,758.0,75.0,28.552631578947366,27.55263157894737,0.072
759,759.0,75.0,28.295454545454547,27.43181818181818,0.04933333333333333
760,760.0,75.0,31.166666666666664,30.200000000000003,0.0911111111111111
761,761.0,75.0,32.35,31.400000000000002,0.1328888888888889
762,762.0,75.0,35.87500000000001,34.91666666666667,0.08
763,763.0,75.0,31.586956521739133,30.608695652173914,0.07466666666666665
764,764.0,75.0,31.89583333333334,30.937500000000004,0.08
765,765.0,75.0,30.805555555555557,29.833333333333336,0.13904761904761906
766,766.0,75.0,28.394736842105264,27.421052631578945,0.056888888888888885
767,767.0,75.0,39.650000000000006,38.7,0.062222222222222213
768,768.0,75.0,31.477272727272727,30.5,0.088
769,769.0,75.0,29.75862068965517,28.775862068965512,0.13111111111111112
770,770.0,75.0,26.48333333333333,25.5,0.1137777777777778
771,771.0,75.0,28.250000000000004,27.26923076923078,0.03022222222222222
772,772.0,75.0,23.249999999999996,22.25,0.06266666666666666
773,773.0,75.0,31.289473684210527,30.315789473684212,0.062222222222222213
774,774.0,75.0,28.2439024390244,27.31707317073171,0.12214814814814816
775,775.0,75.0,31.46774193548387,30.483870967741932,0.07704761904761905
776,776.0,75.0,32.152173913043484,31.17391304347827,0.08577777777777779
777,777.0,75.0,32.500000000000014,31.523809523809536,0.11777777777777776
778,778.0,75.0,29.868421052631568,28.921052631578938,0.13348148148148148
779,779.0,75.0,29.297297297297295,28.310810810810807,0.2176171236171236
780,780.0,75.0,29.90540540540541,28.945945945945947,0.11140740740740741
781,781.0,75.0,24.764150943396228,23.79245283018868,0.18615873015873016
782,782.0,75.0,26.527272727272724,25.545454545454543,0.1597851037851038
783,783.0,75.0,29.499999999999996,28.516666666666666,0.06711111111111111
784,784.0,75.0,30.729166666666668,29.75,0.12
785,785.0,75.0,30.681818181818183,29.704545454545457,0.08444444444444445
786,786.0,75.0,31.82500000000001,30.85000000000001,0.10444444444444445
787,787.0,75.0,30.875,29.90625,0.01911111111111111
788,788.0,75.0,24.0,23.000000000000004,0.02622222222222222
789,789.0,75.0,28.390625000000007,27.406250000000007,0.12279365079365079
790,790.0,75.0,31.046511627906977,30.058139534883722,0.09006349206349207
791,791.0,75.0,34.95945945945947,33.98648648648649,0.08851851851851851
792,792.0,75.0,29.978723404255316,29.0,0.14897354497354498
793,793.0,75.0,27.621621621621625,26.621621621621625,0.08507936507936506
794,794.0,75.0,25.973684210526315,25.026315789473685,0.10255699855699855
795,795.0,75.0,23.192307692307697,22.28846153846154,0.12374603174603176
796,796.0,75.0,27.0,26.09090909090909,0.12323809523809524
797,797.0,75.0,26.928571428571427,26.01785714285714,0.10622222222222222
798,798.0,75.0,27.07142857142857,26.119047619047617,0.10222222222222223
799,799.0,75.0,22.909090909090914,22.045454545454547,0.08444444444444445
