,Snapshot number,N,k,q,C
0,0.0,75.0,17.0,16.0,0.031111111111111114
1,1.0,75.0,15.314285714285717,14.37142857142857,0.08796825396825396
2,2.0,75.0,13.129629629629632,12.166666666666668,0.07022222222222223
3,3.0,75.0,16.236842105263158,15.315789473684214,0.057777777777777775
4,4.0,75.0,18.57142857142857,17.666666666666668,0.07142857142857142
5,5.0,75.0,19.630434782608695,18.673913043478265,0.09733333333333333
6,6.0,75.0,18.23076923076923,17.28846153846154,0.08177777777777777
7,7.0,75.0,22.166666666666664,21.21428571428571,0.09568253968253967
8,8.0,75.0,26.30882352941176,25.308823529411764,0.09844444444444443
9,9.0,75.0,22.75,21.75,0.051111111111111114
10,10.0,75.0,30.148148148148145,29.148148148148145,0.09355555555555556
11,11.0,75.0,31.941176470588232,30.941176470588236,0.04888888888888889
12,12.0,75.0,24.875,23.875,0.0
13,13.0,75.0,26.5,25.5,0.0
14,14.0,75.0,39.400000000000006,38.400000000000006,0.028888888888888895
15,15.0,75.0,40.230769230769226,39.230769230769226,0.05703703703703704
16,16.0,75.0,38.72222222222223,37.72222222222223,0.04933333333333333
17,17.0,75.0,32.0,31.0,0.0
18,18.0,75.0,0.0,0.0,0.0
19,19.0,75.0,32.0,31.0,0.0
20,20.0,75.0,36.0,35.0,0.0
21,21.0,75.0,0.0,0.0,0.0
22,22.0,75.0,36.833333333333336,35.833333333333336,0.0
23,23.0,75.0,0.0,0.0,0.0
24,24.0,75.0,40.5,39.5,0.0
25,25.0,75.0,39.75000000000001,38.75,0.06057142857142857
26,26.0,75.0,39.500000000000014,38.500000000000014,0.031111111111111107
27,27.0,75.0,16.35,15.35,0.048444444444444436
28,28.0,75.0,23.51515151515151,22.515151515151512,0.07401953601953602
29,29.0,75.0,27.090909090909093,26.090909090909093,0.14226455026455026
30,30.0,75.0,22.037037037037038,21.101851851851855,0.16652014652014652
31,31.0,75.0,21.74074074074074,20.805555555555557,0.19013756613756616
32,32.0,75.0,20.449367088607595,19.537974683544306,0.14657061457061457
33,33.0,75.0,20.84426229508197,19.909836065573774,0.2251090775982417
34,34.0,75.0,22.16814159292035,21.199115044247783,0.2146037354458407
35,35.0,75.0,21.364035087719298,20.42543859649123,0.239503315856257
36,36.0,75.0,23.67,22.695000000000004,0.21267673067673068
37,37.0,75.0,19.365384615384613,18.384615384615383,0.18600962000962
38,38.0,75.0,18.2375,17.30625,0.20074791874791878
39,39.0,75.0,19.135593220338986,18.194915254237287,0.1527176527176527
40,40.0,75.0,26.194915254237294,25.19491525423729,0.16695238095238094
41,41.0,75.0,23.822784810126585,22.854430379746837,0.14134095534095537
42,42.0,75.0,24.00757575757576,23.060606060606062,0.11753439153439156
43,43.0,75.0,19.049019607843135,18.147058823529413,0.11161423761423762
44,44.0,75.0,19.457142857142856,18.52857142857143,0.10874074074074076
45,45.0,75.0,23.5,22.5,0.15063492063492065
46,46.0,75.0,24.310344827586206,23.310344827586206,0.08739682539682539
47,47.0,75.0,22.404761904761905,21.404761904761905,0.07085714285714285
48,48.0,75.0,27.403846153846157,26.403846153846153,0.08623280423280423
49,49.0,75.0,25.088235294117652,24.08823529411765,0.07022222222222223
50,50.0,75.0,23.5,22.5,0.0
51,51.0,75.0,0.0,0.0,0.0
52,52.0,75.0,0.0,0.0,0.0
53,53.0,75.0,0.0,0.0,0.0
54,54.0,75.0,0.0,0.0,0.0
55,55.0,75.0,0.0,0.0,0.0
56,56.0,75.0,0.0,0.0,0.0
57,57.0,75.0,0.0,0.0,0.0
58,58.0,75.0,0.0,0.0,0.0
59,59.0,75.0,0.0,0.0,0.0
60,60.0,75.0,0.0,0.0,0.0
61,61.0,75.0,0.0,0.0,0.0
62,62.0,75.0,50.0,49.0,0.0
63,63.0,75.0,50.0,49.0,0.0
64,64.0,75.0,28.444444444444443,27.444444444444443,0.050666666666666665
65,65.0,75.0,33.68000000000001,32.68,0.09843386243386244
66,66.0,75.0,34.852941176470594,33.852941176470594,0.18380626780626783
67,67.0,75.0,34.214285714285715,33.27380952380953,0.14941798941798942
68,68.0,75.0,27.36301369863014,26.41095890410959,0.200988862988863
69,69.0,75.0,31.23584905660378,30.245283018867926,0.1506780626780627
70,70.0,75.0,24.857142857142858,23.887755102040817,0.18435808635808637
71,71.0,75.0,25.987903225806452,25.044354838709673,0.24388252270605207
72,72.0,75.0,24.45175438596491,23.51315789473684,0.27528682428682427
73,73.0,75.0,28.800884955752213,27.81858407079646,0.22660863537334122
74,74.0,75.0,27.19021739130435,26.233695652173914,0.17198542198542197
75,75.0,75.0,24.83333333333334,23.85294117647059,0.12108417508417507
76,76.0,75.0,24.233695652173918,23.298913043478265,0.17567580567580562
77,77.0,75.0,23.54761904761905,22.642857142857142,0.10107936507936507
78,78.0,75.0,22.89423076923077,21.923076923076927,0.10996825396825395
79,79.0,75.0,26.312499999999996,25.3125,0.09153439153439152
80,80.0,75.0,23.9390243902439,22.9390243902439,0.13713227513227513
81,81.0,75.0,24.794871794871796,23.794871794871792,0.09481481481481481
82,82.0,75.0,22.86111111111111,21.861111111111114,0.10647619047619047
83,83.0,75.0,32.7,31.700000000000003,0.022666666666666665
84,84.0,75.0,32.20833333333333,31.208333333333336,0.028
85,85.0,75.0,34.67647058823529,33.67647058823529,0.06590476190476191
86,86.0,75.0,36.78571428571428,35.78571428571428,0.0648888888888889
87,87.0,75.0,43.208333333333336,42.208333333333336,0.07200000000000001
88,88.0,75.0,57.400000000000006,56.4,0.04857142857142857
89,89.0,75.0,59.14285714285714,58.14285714285714,0.05837037037037038
90,90.0,75.0,57.33333333333334,56.33333333333334,0.04
91,91.0,75.0,63.0,62.0,0.0
92,92.0,75.0,0.0,0.0,0.0
93,93.0,75.0,49.5,48.5,0.0
94,94.0,75.0,0.0,0.0,0.0
95,95.0,75.0,61.5,60.5,0.0
96,96.0,75.0,62.375,61.375,0.031111111111111114
97,97.0,75.0,63.0,62.0,0.0
98,98.0,75.0,0.0,0.0,0.0
99,99.0,75.0,56.83333333333334,55.83333333333334,0.0
100,100.0,75.0,57.375,56.375,0.09710437710437711
101,101.0,75.0,48.10000000000001,47.1,0.04
102,102.0,75.0,39.400000000000006,38.4,0.10323809523809524
103,103.0,75.0,40.065789473684205,39.065789473684205,0.08803174603174604
104,104.0,75.0,40.93055555555555,39.93055555555555,0.1226984126984127
105,105.0,75.0,29.49305555555555,28.555555555555554,0.2006031746031746
106,106.0,75.0,29.96666666666666,29.00666666666666,0.2437864357864358
107,107.0,75.0,28.573033707865164,27.584269662921347,0.2320755170755171
108,108.0,75.0,27.923387096774196,26.97983870967742,0.20466970502264617
109,109.0,75.0,26.530927835051546,25.613402061855666,0.17268472268472265
110,110.0,75.0,29.202970297029704,28.22772277227723,0.21454293854293857
111,111.0,75.0,29.75333333333334,28.78666666666667,0.16643097643097643
112,112.0,75.0,24.98181818181818,24.07272727272727,0.14257912457912458
113,113.0,75.0,24.924050632911396,23.99367088607595,0.16253886853886854
114,114.0,75.0,25.875,24.902777777777775,0.07557671957671958
115,115.0,75.0,21.5875,20.6625,0.10622222222222223
116,116.0,75.0,28.093750000000007,27.125000000000007,0.09644444444444444
117,117.0,75.0,23.064516129032256,22.064516129032256,0.0757989417989418
118,118.0,75.0,27.767857142857146,26.78571428571429,0.06393650793650794
119,119.0,75.0,36.71875,35.71875,0.028
120,120.0,75.0,34.413043478260875,33.413043478260875,0.0840952380952381
121,121.0,75.0,28.333333333333336,27.333333333333336,0.0
122,122.0,75.0,33.30000000000001,32.30000000000001,0.036825396825396824
123,123.0,75.0,34.416666666666664,33.41666666666667,0.02222222222222222
124,124.0,75.0,28.400000000000002,27.4,0.02222222222222222
125,125.0,75.0,54.0,53.0,0.0
126,126.0,75.0,55.699999999999996,54.7,0.0
127,127.0,75.0,61.57142857142857,60.57142857142857,0.027555555555555552
128,128.0,75.0,49.5,48.5,0.0
129,129.0,75.0,59.5,58.5,0.0
130,130.0,75.0,0.0,0.0,0.0
131,131.0,75.0,66.5,65.5,0.0
132,132.0,75.0,60.0,59.0,0.0
133,133.0,75.0,0.0,0.0,0.0
134,134.0,75.0,61.5,60.5,0.0
135,135.0,75.0,0.0,0.0,0.0
136,136.0,75.0,53.5,52.5,0.0
137,137.0,75.0,56.9,55.900000000000006,0.0
138,138.0,75.0,48.25,47.25,0.0
139,139.0,75.0,27.870370370370374,26.870370370370374,0.11123809523809525
140,140.0,75.0,32.78378378378378,31.783783783783786,0.10771428571428572
141,141.0,75.0,33.24999999999999,32.24999999999999,0.12234343434343434
142,142.0,75.0,31.392156862745097,30.46078431372549,0.11211640211640211
143,143.0,75.0,32.33050847457628,31.355932203389838,0.1604915824915825
144,144.0,75.0,26.621951219512198,25.628048780487806,0.16323861323861322
145,145.0,75.0,29.527522935779825,28.56422018348624,0.18004854404854406
146,146.0,75.0,29.623239436619716,28.637323943661965,0.257353630545581
147,147.0,75.0,30.515625,29.5234375,0.20665638065638067
148,148.0,75.0,30.8625,29.895833333333336,0.21012254652811926
149,149.0,75.0,26.835616438356162,25.924657534246577,0.18495238095238095
