,Snapshot number,N,k,q,C
0,0.0,75.0,16.666666666666668,15.666666666666668,0.035555555555555556
1,1.0,75.0,17.0,16.0,0.0
2,2.0,75.0,18.833333333333332,17.833333333333336,0.0
3,3.0,75.0,11.25,10.25,0.0
4,4.0,75.0,16.375,15.428571428571427,0.07926984126984125
5,5.0,75.0,12.684210526315791,11.736842105263161,0.06666666666666667
6,6.0,75.0,14.75,13.75,0.04444444444444444
7,7.0,75.0,12.777777777777779,11.833333333333334,0.0
8,8.0,75.0,17.5,16.5,0.0
9,9.0,75.0,14.227272727272727,13.363636363636363,0.035111111111111114
10,10.0,75.0,18.333333333333332,17.333333333333336,0.08222222222222221
11,11.0,75.0,16.500000000000004,15.611111111111112,0.028
12,12.0,75.0,18.000000000000004,17.133333333333333,0.03244444444444444
13,13.0,75.0,20.875,19.875,0.0
14,14.0,75.0,21.39285714285714,20.392857142857142,0.02711111111111111
15,15.0,75.0,19.166666666666668,18.23333333333333,0.076
16,16.0,75.0,16.866666666666664,15.866666666666664,0.08444444444444445
17,17.0,75.0,16.863636363636363,15.999999999999998,0.062222222222222213
18,18.0,75.0,21.349999999999994,20.424999999999997,0.07200000000000001
19,19.0,75.0,24.500000000000004,23.52631578947369,0.06133333333333333
20,20.0,75.0,23.53846153846154,22.53846153846154,0.04666666666666667
21,21.0,75.0,22.333333333333332,21.333333333333336,0.07911111111111112
22,22.0,75.0,24.200000000000006,23.200000000000006,0.05555555555555556
23,23.0,75.0,25.34090909090909,24.340909090909093,0.08444444444444445
24,24.0,75.0,21.0,20.0,0.04533333333333333
25,25.0,75.0,21.75,20.75,0.035555555555555556
26,26.0,75.0,23.633333333333333,22.633333333333333,0.06622222222222222
27,27.0,75.0,30.722222222222218,29.72222222222222,0.02222222222222222
28,28.0,75.0,28.964285714285715,27.964285714285715,0.07822222222222223
29,29.0,75.0,30.156250000000007,29.156250000000007,0.0568888888888889
30,30.0,75.0,30.222222222222225,29.22222222222222,0.031111111111111107
31,31.0,75.0,31.500000000000004,30.5,0.0
32,32.0,75.0,26.16666666666667,25.166666666666668,0.0
33,33.0,75.0,21.0,20.0,0.0
34,34.0,75.0,21.0,20.0,0.0
35,35.0,75.0,0.0,0.0,0.0
36,36.0,75.0,32.0,31.0,0.0
37,37.0,75.0,32.0,31.0,0.0
38,38.0,75.0,34.25,33.25,0.0
39,39.0,75.0,39.400000000000006,38.400000000000006,0.028888888888888895
40,40.0,75.0,40.333333333333336,39.333333333333336,0.04
41,41.0,75.0,39.75,38.75,0.039999999999999994
42,42.0,75.0,37.2,36.2,0.0
43,43.0,75.0,38.99999999999999,38.0,0.05333333333333334
44,44.0,75.0,36.25,35.25,0.0
45,45.0,75.0,0.0,0.0,0.0
46,46.0,75.0,32.0,31.0,0.0
47,47.0,75.0,32.0,31.0,0.0
48,48.0,75.0,0.0,0.0,0.0
49,49.0,75.0,0.0,0.0,0.0
50,50.0,75.0,0.0,0.0,0.0
51,51.0,75.0,32.0,31.0,0.0
52,52.0,75.0,0.0,0.0,0.0
53,53.0,75.0,36.0,35.0,0.0
54,54.0,75.0,36.0,35.0,0.0
55,55.0,75.0,0.0,0.0,0.0
56,56.0,75.0,0.0,0.0,0.0
57,57.0,75.0,0.0,0.0,0.0
58,58.0,75.0,0.0,0.0,0.0
59,59.0,75.0,36.833333333333336,35.833333333333336,0.0
60,60.0,75.0,0.0,0.0,0.0
61,61.0,75.0,0.0,0.0,0.0
62,62.0,75.0,0.0,0.0,0.0
63,63.0,75.0,0.0,0.0,0.0
64,64.0,75.0,0.0,0.0,0.0
65,65.0,75.0,0.0,0.0,0.0
66,66.0,75.0,40.0,39.0,0.0
67,67.0,75.0,38.41666666666667,37.41666666666667,0.028
68,68.0,75.0,38.9,37.900000000000006,0.028888888888888895
69,69.0,75.0,39.875,38.875,0.0
70,70.0,75.0,36.75,35.75,0.0
71,71.0,75.0,38.00000000000001,37.00000000000001,0.04
72,72.0,75.0,18.5,17.5,0.0
73,73.0,75.0,11.125,10.125,0.031111111111111107
74,74.0,75.0,16.625000000000004,15.625000000000004,0.02
75,75.0,75.0,18.166666666666664,17.166666666666664,0.034222222222222216
76,76.0,75.0,23.439999999999998,22.439999999999998,0.055007215007215005
77,77.0,75.0,27.437500000000007,26.437500000000007,0.06933333333333333
78,78.0,75.0,24.613636363636363,23.613636363636367,0.082
79,79.0,75.0,26.74137931034483,25.741379310344826,0.07792784992784993
80,80.0,75.0,23.266666666666666,22.266666666666666,0.08005194805194804
81,81.0,75.0,21.442307692307693,20.480769230769234,0.06787301587301588
82,82.0,75.0,18.60606060606061,17.71212121212121,0.16247619047619047
83,83.0,75.0,18.258064516129032,17.354838709677416,0.09098412698412699
84,84.0,75.0,23.0,22.049999999999997,0.12755555555555556
85,85.0,75.0,24.5625,23.583333333333336,0.04977777777777778
86,86.0,75.0,20.558823529411768,19.637254901960787,0.13378754578754576
87,87.0,75.0,18.292682926829272,17.414634146341463,0.09942857142857144
88,88.0,75.0,20.551948051948052,19.616883116883113,0.1675901875901876
89,89.0,75.0,20.795918367346943,19.908163265306122,0.15055411255411255
90,90.0,75.0,20.19402985074627,19.238805970149254,0.14324164724164723
91,91.0,75.0,21.275862068965516,20.310344827586206,0.1582686202686203
92,92.0,75.0,23.691489361702125,22.75531914893617,0.1097777777777778
93,93.0,75.0,20.992063492063494,20.023809523809522,0.142010582010582
94,94.0,75.0,20.198275862068968,19.24137931034483,0.14883597883597885
95,95.0,75.0,19.828125,18.921875,0.18642809042809041
96,96.0,75.0,21.633333333333333,20.677777777777777,0.12469841269841268
97,97.0,75.0,24.26984126984127,23.285714285714285,0.18494708994708997
98,98.0,75.0,22.11111111111111,21.111111111111114,0.10396825396825396
99,99.0,75.0,17.625,16.625,0.08227513227513228
100,100.0,75.0,19.833333333333332,18.855555555555554,0.12495238095238095
101,101.0,75.0,16.384615384615387,15.423076923076922,0.10936507936507937
102,102.0,75.0,18.049999999999997,17.174999999999997,0.1284973544973545
103,103.0,75.0,17.75862068965517,16.82758620689655,0.1633371813371813
104,104.0,75.0,19.131578947368425,18.289473684210527,0.05199999999999999
105,105.0,75.0,16.762500000000003,15.825000000000001,0.11422222222222222
106,106.0,75.0,26.25,25.25,0.04666666666666667
107,107.0,75.0,25.366666666666667,24.366666666666667,0.12733333333333335
108,108.0,75.0,24.77631578947368,23.77631578947368,0.17044444444444445
109,109.0,75.0,25.500000000000004,24.500000000000007,0.13724867724867723
110,110.0,75.0,27.364864864864867,26.364864864864863,0.12
111,111.0,75.0,20.271739130434785,19.326086956521742,0.11191630591630589
112,112.0,75.0,24.814285714285717,23.900000000000002,0.07838095238095238
113,113.0,75.0,22.705128205128204,21.730769230769226,0.14292063492063492
114,114.0,75.0,22.217391304347828,21.260869565217394,0.11333333333333333
115,115.0,75.0,17.93333333333333,17.083333333333332,0.0994074074074074
116,116.0,75.0,18.08,17.16,0.09403174603174604
117,117.0,75.0,20.72222222222223,19.722222222222225,0.06758730158730158
118,118.0,75.0,18.09375,17.21875,0.12844444444444444
119,119.0,75.0,22.055555555555557,21.111111111111114,0.05733333333333333
120,120.0,75.0,21.47826086956522,20.47826086956522,0.1137777777777778
121,121.0,75.0,23.0,22.0,0.08692063492063493
122,122.0,75.0,23.3125,22.3125,0.08888888888888888
123,123.0,75.0,22.694444444444443,21.694444444444446,0.056444444444444436
124,124.0,75.0,26.346153846153847,25.346153846153847,0.05333333333333334
125,125.0,75.0,19.8,18.800000000000004,0.04755555555555555
126,126.0,75.0,17.041666666666668,16.041666666666668,0.059111111111111114
127,127.0,75.0,25.153846153846153,24.153846153846153,0.04755555555555555
128,128.0,75.0,24.44736842105263,23.44736842105263,0.0913015873015873
129,129.0,75.0,25.076923076923073,24.076923076923073,0.05422222222222222
130,130.0,75.0,29.807692307692307,28.807692307692307,0.02488888888888889
131,131.0,75.0,27.375,26.375,0.04933333333333333
132,132.0,75.0,22.5,21.5,0.03777777777777777
133,133.0,75.0,0.0,0.0,0.0
134,134.0,75.0,7.0,6.0,0.0
135,135.0,75.0,40.0,39.0,0.0
136,136.0,75.0,0.0,0.0,0.0
137,137.0,75.0,0.0,0.0,0.0
138,138.0,75.0,0.0,0.0,0.0
139,139.0,75.0,0.0,0.0,0.0
140,140.0,75.0,0.0,0.0,0.0
141,141.0,75.0,0.0,0.0,0.0
142,142.0,75.0,0.0,0.0,0.0
143,143.0,75.0,0.0,0.0,0.0
144,144.0,75.0,0.0,0.0,0.0
145,145.0,75.0,0.0,0.0,0.0
146,146.0,75.0,0.0,0.0,0.0
147,147.0,75.0,0.0,0.0,0.0
148,148.0,75.0,0.0,0.0,0.0
149,149.0,75.0,0.0,0.0,0.0
150,150.0,75.0,0.0,0.0,0.0
151,151.0,75.0,0.0,0.0,0.0
152,152.0,75.0,0.0,0.0,0.0
153,153.0,75.0,0.0,0.0,0.0
154,154.0,75.0,0.0,0.0,0.0
155,155.0,75.0,0.0,0.0,0.0
156,156.0,75.0,0.0,0.0,0.0
157,157.0,75.0,0.0,0.0,0.0
158,158.0,75.0,0.0,0.0,0.0
159,159.0,75.0,0.0,0.0,0.0
160,160.0,75.0,0.0,0.0,0.0
161,161.0,75.0,0.0,0.0,0.0
162,162.0,75.0,0.0,0.0,0.0
163,163.0,75.0,0.0,0.0,0.0
164,164.0,75.0,0.0,0.0,0.0
165,165.0,75.0,0.0,0.0,0.0
166,166.0,75.0,50.0,49.0,0.0
167,167.0,75.0,50.0,49.0,0.0
168,168.0,75.0,50.0,49.0,0.0
169,169.0,75.0,50.0,49.0,0.0
170,170.0,75.0,0.0,0.0,0.0
171,171.0,75.0,50.0,49.0,0.0
172,172.0,75.0,28.0,27.0,0.0
173,173.0,75.0,28.42307692307692,27.42307692307692,0.06666666666666667
174,174.0,75.0,33.85714285714286,32.85714285714286,0.09777777777777778
175,175.0,75.0,36.84375,35.84375,0.06577777777777778
176,176.0,75.0,36.04347826086957,35.04347826086958,0.0486984126984127
177,177.0,75.0,32.81818181818182,31.818181818181817,0.11445887445887445
178,178.0,75.0,34.435483870967744,33.435483870967744,0.09896296296296296
179,179.0,75.0,41.93333333333333,40.93333333333333,0.062380952380952384
180,180.0,75.0,30.120689655172413,29.20689655172414,0.08063492063492063
181,181.0,75.0,30.931818181818183,29.977272727272723,0.052
182,182.0,75.0,26.000000000000007,25.050000000000004,0.12919576719576717
183,183.0,75.0,31.060000000000002,30.080000000000002,0.088
184,184.0,75.0,31.152777777777775,30.166666666666668,0.08774603174603174
185,185.0,75.0,27.68333333333333,26.683333333333334,0.14706878306878307
186,186.0,75.0,27.75,26.772727272727273,0.11644444444444446
187,187.0,75.0,23.63953488372093,22.697674418604652,0.12209523809523809
188,188.0,75.0,24.48507462686567,23.485074626865668,0.14552092352092352
189,189.0,75.0,26.017857142857142,25.053571428571427,0.1638201058201058
190,190.0,75.0,24.233870967741936,23.282258064516128,0.13723520923520924
191,191.0,75.0,25.05681818181818,24.113636363636363,0.16101986901986903
192,192.0,75.0,24.473684210526315,23.539473684210524,0.15754497354497354
193,193.0,75.0,25.838461538461537,24.930769230769233,0.18007599807599808
194,194.0,75.0,25.139240506329113,24.158227848101266,0.2405627705627706
195,195.0,75.0,26.388888888888893,25.395833333333336,0.1613900913900914
196,196.0,75.0,31.102040816326536,30.142857142857146,0.1099191919191919
197,197.0,75.0,26.389705882352942,25.419117647058826,0.1714285714285714
198,198.0,75.0,28.679487179487182,27.705128205128204,0.1445079365079365
199,199.0,75.0,30.197674418604652,29.220930232558143,0.13165079365079366
200,200.0,75.0,24.3,23.300000000000004,0.10647619047619047
201,201.0,75.0,23.76,22.760000000000005,0.052
202,202.0,75.0,22.445945945945954,21.540540540540544,0.07876190476190476
203,203.0,75.0,24.163793103448274,23.24137931034483,0.11254353054353054
204,204.0,75.0,25.80357142857143,24.82142857142857,0.09079365079365077
205,205.0,75.0,19.46153846153846,18.615384615384617,0.06396825396825397
206,206.0,75.0,20.153846153846153,19.26923076923077,0.05333333333333334
207,207.0,75.0,26.666666666666668,25.729166666666668,0.06577777777777778
208,208.0,75.0,22.199999999999996,21.259999999999998,0.10342857142857143
209,209.0,75.0,20.66666666666667,19.683333333333334,0.09276190476190477
210,210.0,75.0,22.083333333333332,21.083333333333336,0.05155555555555556
211,211.0,75.0,28.473684210526315,27.473684210526315,0.050222222222222224
212,212.0,75.0,25.612903225806452,24.61290322580645,0.055513227513227514
213,213.0,75.0,27.208333333333336,26.208333333333336,0.028
214,214.0,75.0,24.708333333333332,23.708333333333336,0.10304761904761905
215,215.0,75.0,22.442307692307693,21.442307692307693,0.09873015873015872
216,216.0,75.0,23.52380952380952,22.523809523809522,0.10755555555555556
217,217.0,75.0,26.81818181818182,25.818181818181817,0.06755555555555555
218,218.0,75.0,19.812500000000004,18.8125,0.06619047619047617
219,219.0,75.0,22.73076923076923,21.73076923076923,0.036571428571428574
220,220.0,75.0,24.03333333333334,23.03333333333334,0.034666666666666665
221,221.0,75.0,26.454545454545453,25.454545454545457,0.0
222,222.0,75.0,32.727272727272734,31.727272727272727,0.0
223,223.0,75.0,34.142857142857146,33.142857142857146,0.04444444444444444
224,224.0,75.0,25.41666666666667,24.416666666666668,0.031111111111111107
225,225.0,75.0,29.937500000000004,28.937500000000004,0.028888888888888888
226,226.0,75.0,29.444444444444446,28.444444444444446,0.03733333333333333
227,227.0,75.0,42.375,41.375,0.0
228,228.0,75.0,32.41666666666667,31.41666666666667,0.028888888888888895
229,229.0,75.0,39.55,38.55,0.028888888888888888
230,230.0,75.0,34.62500000000001,33.62500000000001,0.035555555555555556
231,231.0,75.0,31.666666666666668,30.666666666666668,0.04
232,232.0,75.0,45.66666666666667,44.66666666666667,0.05333333333333334
233,233.0,75.0,47.2,46.199999999999996,0.031111111111111114
234,234.0,75.0,63.0,62.0,0.0
235,235.0,75.0,63.0,62.0,0.0
236,236.0,75.0,58.5,57.5,0.028
237,237.0,75.0,59.85,58.85,0.032380952380952385
238,238.0,75.0,59.55555555555555,58.55555555555555,0.047999999999999994
239,239.0,75.0,64.25,63.25,0.0
240,240.0,75.0,57.33333333333334,56.33333333333334,0.04
241,241.0,75.0,54.5,53.5,0.0
242,242.0,75.0,63.0,62.0,0.0
243,243.0,75.0,0.0,0.0,0.0
244,244.0,75.0,0.0,0.0,0.0
245,245.0,75.0,0.0,0.0,0.0
246,246.0,75.0,0.0,0.0,0.0
247,247.0,75.0,0.0,0.0,0.0
248,248.0,75.0,49.5,48.5,0.0
249,249.0,75.0,0.0,0.0,0.0
250,250.0,75.0,0.0,0.0,0.0
251,251.0,75.0,0.0,0.0,0.0
252,252.0,75.0,0.0,0.0,0.0
253,253.0,75.0,0.0,0.0,0.0
254,254.0,75.0,0.0,0.0,0.0
255,255.0,75.0,61.5,60.5,0.0
256,256.0,75.0,61.333333333333336,60.33333333333334,0.04
257,257.0,75.0,63.33333333333334,62.333333333333336,0.0
258,258.0,75.0,63.0,62.0,0.0
259,259.0,75.0,63.0,62.0,0.0
260,260.0,75.0,63.0,62.0,0.0
261,261.0,75.0,63.0,62.0,0.0
262,262.0,75.0,0.0,0.0,0.0
263,263.0,75.0,0.0,0.0,0.0
264,264.0,75.0,0.0,0.0,0.0
265,265.0,75.0,63.0,62.0,0.0
266,266.0,75.0,55.400000000000006,54.4,0.028888888888888895
267,267.0,75.0,57.291666666666686,56.291666666666686,0.06057142857142858
268,268.0,75.0,58.08333333333334,57.08333333333334,0.04
269,269.0,75.0,65.5,64.5,0.0
270,270.0,75.0,60.75,59.75,0.0
271,271.0,75.0,45.5,44.5,0.0
272,272.0,75.0,37.07142857142858,36.07142857142858,0.08711111111111111
273,273.0,75.0,40.575,39.575,0.07503703703703703
274,274.0,75.0,36.44736842105263,35.44736842105263,0.0646984126984127
275,275.0,75.0,41.029411764705884,40.02941176470588,0.06355555555555556
276,276.0,75.0,38.38461538461539,37.38461538461538,0.04
277,277.0,75.0,38.75862068965518,37.758620689655174,0.07253968253968253
278,278.0,75.0,42.080000000000005,41.08,0.08473015873015873
279,279.0,75.0,34.54545454545455,33.54545454545455,0.04
280,280.0,75.0,31.83333333333333,30.888888888888886,0.05466666666666666
281,281.0,75.0,28.062500000000004,27.156250000000004,0.10014814814814815
282,282.0,75.0,28.72,27.78,0.13904761904761903
283,283.0,75.0,34.720000000000006,33.72,0.12292063492063492
284,284.0,75.0,33.98148148148148,32.98148148148149,0.08414814814814814
285,285.0,75.0,25.458333333333332,24.508333333333333,0.169996151996152
286,286.0,75.0,27.35593220338983,26.364406779661014,0.19055026455026455
287,287.0,75.0,30.821428571428573,29.833333333333336,0.1497777777777778
288,288.0,75.0,29.250000000000004,28.27173913043478,0.13948821548821547
289,289.0,75.0,27.63709677419355,26.677419354838708,0.1305185185185185
290,290.0,75.0,25.26623376623376,24.376623376623375,0.19554469060351412
291,291.0,75.0,26.344827586206897,25.387931034482758,0.1275901875901876
292,292.0,75.0,27.349056603773587,26.443396226415096,0.12887830687830687
293,293.0,75.0,28.9,27.93333333333333,0.08431746031746032
294,294.0,75.0,24.966101694915256,24.000000000000004,0.14537085137085137
295,295.0,75.0,31.098214285714292,30.10714285714286,0.13396248196248198
296,296.0,75.0,33.19166666666667,32.19166666666667,0.17364790764790763
297,297.0,75.0,27.27777777777778,26.333333333333336,0.09999999999999999
298,298.0,75.0,25.074074074074076,24.18518518518519,0.11377777777777777
299,299.0,75.0,25.181818181818187,24.303030303030305,0.1251428571428571
300,300.0,75.0,22.22058823529412,21.323529411764707,0.11473015873015872
301,301.0,75.0,26.578125,25.609375,0.0880952380952381
302,302.0,75.0,22.83050847457627,21.923728813559325,0.13942664742664743
303,303.0,75.0,28.14705882352941,27.147058823529413,0.09333333333333332
304,304.0,75.0,26.73611111111111,25.791666666666668,0.045841269841269836
305,305.0,75.0,19.090909090909093,18.136363636363637,0.027142857142857142
306,306.0,75.0,24.136363636363637,23.136363636363633,0.05333333333333334
307,307.0,75.0,19.659090909090907,18.727272727272727,0.07593650793650794
308,308.0,75.0,25.000000000000007,24.06666666666667,0.01777777777777778
309,309.0,75.0,25.0,24.088235294117645,0.031111111111111107
310,310.0,75.0,29.650000000000013,28.650000000000013,0.02
311,311.0,75.0,24.529411764705884,23.58823529411765,0.06844444444444443
312,312.0,75.0,22.454545454545457,21.454545454545453,0.05511111111111112
313,313.0,75.0,22.09375,21.09375,0.057777777777777775
314,314.0,75.0,21.441176470588236,20.441176470588236,0.05644444444444444
315,315.0,75.0,25.111111111111114,24.11111111111111,0.04
316,316.0,75.0,28.466666666666665,27.5,0.056888888888888885
317,317.0,75.0,20.35714285714286,19.42857142857143,0.031111111111111107
318,318.0,75.0,32.9,31.9,0.0
319,319.0,75.0,37.000000000000014,36.000000000000014,0.0
320,320.0,75.0,34.05,33.050000000000004,0.062222222222222213
321,321.0,75.0,29.6,28.6,0.02222222222222222
322,322.0,75.0,35.0,34.0,0.0
323,323.0,75.0,0.0,0.0,0.0
324,324.0,75.0,32.75,31.75,0.0
325,325.0,75.0,19.25,18.25,0.0
326,326.0,75.0,32.0,31.0,0.04
327,327.0,75.0,36.125,35.125,0.0
328,328.0,75.0,35.333333333333336,34.333333333333336,0.04
329,329.0,75.0,27.75,26.75,0.0
330,330.0,75.0,39.0,38.0,0.0
331,331.0,75.0,28.333333333333336,27.333333333333336,0.0
332,332.0,75.0,28.5,27.5,0.0
333,333.0,75.0,48.0,47.0,0.0
334,334.0,75.0,48.0,47.0,0.0
335,335.0,75.0,54.0,53.0,0.0
336,336.0,75.0,0.0,0.0,0.0
337,337.0,75.0,60.5,59.5,0.0
338,338.0,75.0,54.5,53.5,0.0
339,339.0,75.0,63.125,62.125,0.0
340,340.0,75.0,63.00000000000001,62.000000000000014,0.0
341,341.0,75.0,0.0,0.0,0.0
342,342.0,75.0,49.5,48.5,0.0
343,343.0,75.0,0.0,0.0,0.0
344,344.0,75.0,0.0,0.0,0.0
345,345.0,75.0,59.5,58.5,0.0
346,346.0,75.0,0.0,0.0,0.0
347,347.0,75.0,0.0,0.0,0.0
348,348.0,75.0,0.0,0.0,0.0
349,349.0,75.0,0.0,0.0,0.0
350,350.0,75.0,66.5,65.5,0.0
351,351.0,75.0,0.0,0.0,0.0
352,352.0,75.0,0.0,0.0,0.0
353,353.0,75.0,60.0,59.0,0.0
354,354.0,75.0,0.0,0.0,0.0
355,355.0,75.0,0.0,0.0,0.0
356,356.0,75.0,0.0,0.0,0.0
357,357.0,75.0,0.0,0.0,0.0
358,358.0,75.0,0.0,0.0,0.0
359,359.0,75.0,62.5,61.5,0.0
360,360.0,75.0,60.5,59.5,0.0
361,361.0,75.0,0.0,0.0,0.0
362,362.0,75.0,0.0,0.0,0.0
363,363.0,75.0,0.0,0.0,0.0
364,364.0,75.0,0.0,0.0,0.0
365,365.0,75.0,56.25,55.25,0.0
366,366.0,75.0,56.375,55.375,0.0
367,367.0,75.0,0.0,0.0,0.0
368,368.0,75.0,0.0,0.0,0.0
369,369.0,75.0,0.0,0.0,0.0
370,370.0,75.0,48.25,47.25,0.0
371,371.0,75.0,34.800000000000004,33.8,0.0
372,372.0,75.0,29.357142857142854,28.357142857142854,0.05955555555555554
373,373.0,75.0,23.825000000000003,22.825000000000003,0.07155555555555557
374,374.0,75.0,30.97222222222223,29.97222222222223,0.07288888888888889
375,375.0,75.0,36.70454545454545,35.70454545454545,0.096
376,376.0,75.0,36.529411764705884,35.529411764705884,0.07765079365079365
377,377.0,75.0,32.76785714285714,31.76785714285714,0.11755555555555555
378,378.0,75.0,33.54545454545454,32.54545454545455,0.07066666666666667
379,379.0,75.0,28.212121212121215,27.303030303030308,0.06323809523809523
380,380.0,75.0,30.78260869565218,29.847826086956523,0.10755555555555556
381,381.0,75.0,31.56,30.580000000000005,0.0791111111111111
382,382.0,75.0,31.72727272727273,30.761363636363637,0.13568253968253968
383,383.0,75.0,31.93181818181818,30.954545454545457,0.08177777777777778
384,384.0,75.0,30.799999999999997,29.814285714285717,0.14985185185185185
385,385.0,75.0,26.761363636363633,25.772727272727273,0.09336507936507937
386,386.0,75.0,25.189189189189193,24.202702702702705,0.07142857142857141
387,387.0,75.0,29.262711864406768,28.313559322033893,0.14231664631664634
388,388.0,75.0,32.17187500000001,31.187500000000007,0.08177777777777777
389,389.0,75.0,29.1968085106383,28.21808510638298,0.20534506234506233
390,390.0,75.0,26.3768115942029,25.39855072463768,0.18658682058682058
391,391.0,75.0,27.8918918918919,26.90540540540541,0.15756093144328437
392,392.0,75.0,30.72857142857143,29.742857142857144,0.11180952380952382
393,393.0,75.0,33.49999999999999,32.51785714285714,0.08901587301587302
394,394.0,75.0,27.625,26.638888888888893,0.1133968253968254
395,395.0,75.0,32.88405797101449,31.89855072463768,0.12575454175454173
396,396.0,75.0,29.257575757575758,28.27272727272727,0.13890812890812892
397,397.0,75.0,26.97,26.03,0.13243001443001443
398,398.0,75.0,26.772727272727273,25.86363636363636,0.14167965367965368
399,399.0,75.0,25.07692307692308,24.15384615384616,0.10933333333333335
