,Snapshot number,N,k,q,C
0,0.0,75.0,16.666666666666668,15.666666666666668,0.035555555555555556
1,1.0,75.0,14.166666666666668,13.166666666666668,0.0
2,2.0,75.0,17.0,16.0,0.0
3,3.0,75.0,18.25,17.25,0.0
4,4.0,75.0,15.0,14.0,0.0
5,5.0,75.0,19.0,18.0,0.0
6,6.0,75.0,15.136363636363637,14.227272727272728,0.03955555555555555
7,7.0,75.0,16.666666666666668,15.7,0.09447619047619048
8,8.0,75.0,14.25,13.3,0.046666666666666676
9,9.0,75.0,14.733333333333333,13.733333333333334,0.04444444444444444
10,10.0,75.0,12.214285714285714,11.285714285714285,0.0
11,11.0,75.0,15.666666666666668,14.66666666666667,0.0
12,12.0,75.0,17.5,16.5,0.0
13,13.0,75.0,13.9375,13.125,0.010222222222222221
14,14.0,75.0,15.900000000000002,14.899999999999999,0.031111111111111107
15,15.0,75.0,18.21428571428571,17.21428571428571,0.06444444444444444
16,16.0,75.0,17.5625,16.625,0.0
17,17.0,75.0,14.5,13.61111111111111,0.06
18,18.0,75.0,18.208333333333332,17.375,0.043111111111111114
19,19.0,75.0,23.500000000000004,22.500000000000004,0.0
20,20.0,75.0,20.3,19.3,0.0
21,21.0,75.0,21.423076923076927,20.423076923076923,0.02711111111111111
22,22.0,75.0,20.166666666666668,19.166666666666668,0.07111111111111111
23,23.0,75.0,17.318181818181817,16.40909090909091,0.05777777777777779
24,24.0,75.0,16.71428571428571,15.714285714285714,0.08666666666666667
25,25.0,75.0,16.750000000000004,15.812500000000004,0.028888888888888888
26,26.0,75.0,17.166666666666668,16.416666666666668,0.031111111111111107
27,27.0,75.0,22.944444444444443,21.944444444444443,0.031111111111111114
28,28.0,75.0,21.854166666666668,20.9375,0.072
29,29.0,75.0,24.73076923076923,23.73076923076923,0.062222222222222213
30,30.0,75.0,25.1,24.1,0.04444444444444444
31,31.0,75.0,19.166666666666668,18.16666666666667,0.06888888888888889
32,32.0,75.0,25.5,24.5,0.06888888888888887
33,33.0,75.0,22.78571428571429,21.78571428571429,0.04
34,34.0,75.0,24.295454545454547,23.295454545454547,0.09911111111111112
35,35.0,75.0,24.66666666666667,23.666666666666668,0.04
36,36.0,75.0,20.944444444444446,19.944444444444446,0.03955555555555556
37,37.0,75.0,21.75,20.75,0.035555555555555556
38,38.0,75.0,21.75,20.75,0.035555555555555556
39,39.0,75.0,23.272727272727273,22.272727272727273,0.04844444444444444
40,40.0,75.0,31.222222222222225,30.22222222222222,0.031111111111111107
41,41.0,75.0,27.416666666666668,26.41666666666667,0.04
42,42.0,75.0,28.333333333333336,27.333333333333336,0.06444444444444444
43,43.0,75.0,29.09090909090909,28.090909090909093,0.048888888888888885
44,44.0,75.0,29.90909090909091,28.909090909090907,0.07111111111111111
45,45.0,75.0,27.750000000000007,26.750000000000007,0.031111111111111107
46,46.0,75.0,30.583333333333336,29.583333333333332,0.0
47,47.0,75.0,28.375,27.375,0.0
48,48.0,75.0,26.16666666666667,25.166666666666668,0.0
49,49.0,75.0,22.5,21.5,0.0
50,50.0,75.0,21.0,20.0,0.0
51,51.0,75.0,21.0,20.0,0.0
52,52.0,75.0,21.0,20.0,0.0
53,53.0,75.0,0.0,0.0,0.0
54,54.0,75.0,0.0,0.0,0.0
55,55.0,75.0,32.0,31.0,0.0
56,56.0,75.0,32.0,31.0,0.0
57,57.0,75.0,32.0,31.0,0.0
58,58.0,75.0,36.666666666666664,35.66666666666667,0.0
59,59.0,75.0,39.66666666666667,38.66666666666667,0.04
60,60.0,75.0,38.5,37.5,0.031111111111111107
61,61.0,75.0,40.6,39.6,0.04444444444444444
62,62.0,75.0,38.8,37.8,0.04444444444444444
63,63.0,75.0,37.75,36.75,0.0
64,64.0,75.0,38.333333333333336,37.333333333333336,0.04
65,65.0,75.0,37.25000000000001,36.25000000000001,0.031111111111111107
66,66.0,75.0,36.25,35.25,0.0
67,67.0,75.0,0.0,0.0,0.0
68,68.0,75.0,32.0,31.0,0.0
69,69.0,75.0,0.0,0.0,0.0
70,70.0,75.0,0.0,0.0,0.0
71,71.0,75.0,32.0,31.0,0.0
72,72.0,75.0,0.0,0.0,0.0
73,73.0,75.0,0.0,0.0,0.0
74,74.0,75.0,0.0,0.0,0.0
75,75.0,75.0,0.0,0.0,0.0
76,76.0,75.0,32.0,31.0,0.0
77,77.0,75.0,0.0,0.0,0.0
78,78.0,75.0,0.0,0.0,0.0
79,79.0,75.0,0.0,0.0,0.0
80,80.0,75.0,36.0,35.0,0.0
81,81.0,75.0,36.0,35.0,0.0
82,82.0,75.0,0.0,0.0,0.0
83,83.0,75.0,0.0,0.0,0.0
84,84.0,75.0,0.0,0.0,0.0
85,85.0,75.0,0.0,0.0,0.0
86,86.0,75.0,0.0,0.0,0.0
87,87.0,75.0,0.0,0.0,0.0
88,88.0,75.0,0.0,0.0,0.0
89,89.0,75.0,36.833333333333336,35.833333333333336,0.0
90,90.0,75.0,0.0,0.0,0.0
91,91.0,75.0,0.0,0.0,0.0
92,92.0,75.0,0.0,0.0,0.0
93,93.0,75.0,0.0,0.0,0.0
94,94.0,75.0,0.0,0.0,0.0
95,95.0,75.0,0.0,0.0,0.0
96,96.0,75.0,0.0,0.0,0.0
97,97.0,75.0,0.0,0.0,0.0
98,98.0,75.0,0.0,0.0,0.0
99,99.0,75.0,40.5,39.5,0.0
100,100.0,75.0,37.875000000000014,36.87500000000001,0.031111111111111107
101,101.0,75.0,38.2,37.2,0.028888888888888895
102,102.0,75.0,35.66666666666667,34.66666666666667,0.04
103,103.0,75.0,40.375,39.375,0.031111111111111107
104,104.0,75.0,39.16666666666667,38.16666666666667,0.0
105,105.0,75.0,36.75,35.75,0.0
106,106.0,75.0,36.75,35.75,0.0
107,107.0,75.0,40.5,39.5,0.0
108,108.0,75.0,0.0,0.0,0.0
109,109.0,75.0,15.25,14.25,0.0
110,110.0,75.0,10.833333333333334,9.833333333333334,0.0
111,111.0,75.0,16.625000000000004,15.625000000000004,0.02
112,112.0,75.0,16.375,15.375,0.0
113,113.0,75.0,19.03333333333333,18.03333333333333,0.03244444444444444
114,114.0,75.0,24.549999999999997,23.549999999999997,0.039841269841269844
115,115.0,75.0,25.90909090909091,24.90909090909091,0.0
116,116.0,75.0,26.166666666666668,25.166666666666668,0.06444444444444444
117,117.0,75.0,28.318181818181817,27.31818181818182,0.06666666666666667
118,118.0,75.0,24.10526315789474,23.105263157894736,0.08961904761904763
119,119.0,75.0,25.340000000000003,24.340000000000003,0.061407407407407404
120,120.0,75.0,21.799999999999997,20.8,0.08244444444444445
121,121.0,75.0,22.295454545454547,21.295454545454547,0.04577777777777778
122,122.0,75.0,20.666666666666664,19.738095238095237,0.06044444444444444
123,123.0,75.0,16.52631578947369,15.657894736842108,0.08933333333333333
124,124.0,75.0,21.048387096774192,20.11290322580645,0.1302222222222222
125,125.0,75.0,18.977272727272727,18.09090909090909,0.07955555555555556
126,126.0,75.0,21.911764705882355,20.97058823529412,0.14
127,127.0,75.0,21.323529411764703,20.352941176470587,0.03822222222222222
128,128.0,75.0,24.999999999999996,24.049999999999997,0.08222222222222222
129,129.0,75.0,19.84146341463415,18.902439024390247,0.14774603174603176
130,130.0,75.0,19.878378378378375,18.95945945945946,0.08719576719576719
131,131.0,75.0,17.88235294117647,17.014705882352942,0.12155555555555556
132,132.0,75.0,20.40714285714286,19.464285714285715,0.16684656084656083
133,133.0,75.0,20.766666666666666,19.816666666666666,0.08666666666666666
134,134.0,75.0,23.511363636363637,22.61363636363636,0.11424338624338626
135,135.0,75.0,19.477272727272727,18.545454545454547,0.10888888888888891
136,136.0,75.0,20.588709677419352,19.620967741935484,0.14826958226958228
137,137.0,75.0,20.39655172413793,19.413793103448274,0.07288888888888889
138,138.0,75.0,22.131578947368425,21.197368421052637,0.08533333333333333
139,139.0,75.0,22.84042553191489,21.861702127659573,0.11501587301587302
140,140.0,75.0,20.634146341463413,19.65853658536585,0.09279365079365079
141,141.0,75.0,20.57843137254902,19.627450980392158,0.12479365079365079
142,142.0,75.0,20.333333333333332,19.383333333333333,0.10634920634920633
143,143.0,75.0,19.65740740740741,18.76851851851852,0.17214911014911013
144,144.0,75.0,20.689655172413794,19.74137931034483,0.09022222222222222
145,145.0,75.0,23.0,22.010204081632654,0.10249735449735448
146,146.0,75.0,24.37777777777778,23.4,0.1496219336219336
147,147.0,75.0,20.44642857142857,19.44642857142857,0.07803174603174602
148,148.0,75.0,20.0,19.0,0.06533333333333334
149,149.0,75.0,17.653846153846153,16.653846153846153,0.08215873015873017
150,150.0,75.0,20.948275862068968,19.948275862068968,0.09777777777777777
151,151.0,75.0,17.92857142857143,16.964285714285715,0.1846031746031746
152,152.0,75.0,16.848484848484848,15.878787878787879,0.09403174603174604
153,153.0,75.0,19.090909090909093,18.181818181818183,0.11111111111111112
154,154.0,75.0,17.287234042553187,16.340425531914892,0.13133333333333333
155,155.0,75.0,16.6875,15.8,0.12496103896103897
156,156.0,75.0,18.730769230769234,17.884615384615383,0.04666666666666667
157,157.0,75.0,15.593750000000004,14.687500000000002,0.08428571428571428
158,158.0,75.0,18.847826086956523,17.847826086956523,0.1008253968253968
159,159.0,75.0,24.208333333333336,23.208333333333336,0.031111111111111107
160,160.0,75.0,26.11111111111111,25.111111111111114,0.05333333333333334
161,161.0,75.0,25.16666666666667,24.166666666666668,0.11295238095238096
162,162.0,75.0,24.851851851851855,23.851851851851855,0.13644444444444445
163,163.0,75.0,26.109375,25.109375,0.11733333333333332
164,164.0,75.0,26.203125,25.203125,0.13599999999999998
165,165.0,75.0,26.760869565217398,25.760869565217394,0.09777777777777778
166,166.0,75.0,23.43103448275862,22.43103448275862,0.1405079365079365
167,167.0,75.0,21.54054054054054,20.608108108108112,0.10069841269841269
168,168.0,75.0,25.517857142857142,24.553571428571427,0.09647619047619048
169,169.0,75.0,21.741379310344826,20.844827586206897,0.07980952380952382
170,170.0,75.0,22.378787878787875,21.409090909090907,0.13199999999999998
171,171.0,75.0,23.138888888888893,22.16666666666667,0.08888888888888888
172,172.0,75.0,19.844827586206897,18.96551724137931,0.09885714285714287
173,173.0,75.0,19.027777777777775,18.138888888888886,0.05555555555555557
174,174.0,75.0,17.416666666666668,16.5,0.02
175,175.0,75.0,19.000000000000004,18.041666666666668,0.10941414141414141
176,176.0,75.0,20.19047619047619,19.19047619047619,0.08266666666666667
177,177.0,75.0,19.59090909090909,18.727272727272727,0.07555555555555554
178,178.0,75.0,21.941176470588232,20.970588235294116,0.088
179,179.0,75.0,21.28125,20.34375,0.04622222222222222
180,180.0,75.0,21.55,20.55,0.10577777777777778
181,181.0,75.0,22.75,21.75,0.06444444444444446
182,182.0,75.0,23.375,22.375,0.0558095238095238
183,183.0,75.0,26.2,25.199999999999996,0.055111111111111104
184,184.0,75.0,21.115384615384613,20.115384615384617,0.044
185,185.0,75.0,23.250000000000004,22.250000000000007,0.044
186,186.0,75.0,26.227272727272727,25.227272727272727,0.034666666666666665
187,187.0,75.0,24.750000000000007,23.750000000000007,0.04
188,188.0,75.0,17.25,16.25,0.06444444444444444
189,189.0,75.0,16.363636363636363,15.363636363636363,0.04888888888888889
190,190.0,75.0,20.333333333333332,19.333333333333336,0.057777777777777775
191,191.0,75.0,27.944444444444446,26.944444444444446,0.04666666666666667
192,192.0,75.0,22.166666666666664,21.166666666666664,0.05866666666666667
193,193.0,75.0,28.083333333333343,27.083333333333336,0.05866666666666666
194,194.0,75.0,20.71428571428571,19.714285714285715,0.035555555555555556
195,195.0,75.0,28.375000000000007,27.375000000000007,0.01111111111111111
196,196.0,75.0,23.85,22.85,0.04
197,197.0,75.0,26.708333333333336,25.708333333333336,0.0631111111111111
198,198.0,75.0,21.333333333333336,20.333333333333336,0.031111111111111107
199,199.0,75.0,0.0,0.0,0.0
200,200.0,75.0,0.0,0.0,0.0
201,201.0,75.0,7.0,6.0,0.0
202,202.0,75.0,0.0,0.0,0.0
203,203.0,75.0,40.0,39.0,0.0
204,204.0,75.0,0.0,0.0,0.0
205,205.0,75.0,0.0,0.0,0.0
206,206.0,75.0,0.0,0.0,0.0
207,207.0,75.0,0.0,0.0,0.0
208,208.0,75.0,0.0,0.0,0.0
209,209.0,75.0,0.0,0.0,0.0
210,210.0,75.0,0.0,0.0,0.0
211,211.0,75.0,0.0,0.0,0.0
212,212.0,75.0,0.0,0.0,0.0
213,213.0,75.0,0.0,0.0,0.0
214,214.0,75.0,0.0,0.0,0.0
215,215.0,75.0,0.0,0.0,0.0
216,216.0,75.0,0.0,0.0,0.0
217,217.0,75.0,0.0,0.0,0.0
218,218.0,75.0,0.0,0.0,0.0
219,219.0,75.0,0.0,0.0,0.0
220,220.0,75.0,0.0,0.0,0.0
221,221.0,75.0,0.0,0.0,0.0
222,222.0,75.0,0.0,0.0,0.0
223,223.0,75.0,0.0,0.0,0.0
224,224.0,75.0,0.0,0.0,0.0
225,225.0,75.0,0.0,0.0,0.0
226,226.0,75.0,0.0,0.0,0.0
227,227.0,75.0,0.0,0.0,0.0
228,228.0,75.0,0.0,0.0,0.0
229,229.0,75.0,0.0,0.0,0.0
230,230.0,75.0,0.0,0.0,0.0
231,231.0,75.0,0.0,0.0,0.0
232,232.0,75.0,0.0,0.0,0.0
233,233.0,75.0,0.0,0.0,0.0
234,234.0,75.0,0.0,0.0,0.0
235,235.0,75.0,0.0,0.0,0.0
236,236.0,75.0,0.0,0.0,0.0
237,237.0,75.0,0.0,0.0,0.0
238,238.0,75.0,0.0,0.0,0.0
239,239.0,75.0,0.0,0.0,0.0
240,240.0,75.0,0.0,0.0,0.0
241,241.0,75.0,0.0,0.0,0.0
242,242.0,75.0,0.0,0.0,0.0
243,243.0,75.0,0.0,0.0,0.0
244,244.0,75.0,0.0,0.0,0.0
245,245.0,75.0,0.0,0.0,0.0
246,246.0,75.0,0.0,0.0,0.0
247,247.0,75.0,0.0,0.0,0.0
248,248.0,75.0,0.0,0.0,0.0
249,249.0,75.0,0.0,0.0,0.0
250,250.0,75.0,50.0,49.0,0.0
251,251.0,75.0,50.0,49.0,0.0
252,252.0,75.0,50.0,49.0,0.0
253,253.0,75.0,50.0,49.0,0.0
254,254.0,75.0,50.0,49.0,0.0
255,255.0,75.0,0.0,0.0,0.0
256,256.0,75.0,50.0,49.0,0.0
257,257.0,75.0,0.0,0.0,0.0
258,258.0,75.0,28.0,27.0,0.0
259,259.0,75.0,25.285714285714285,24.28571428571429,0.05333333333333334
260,260.0,75.0,28.125,27.125000000000004,0.06222222222222223
261,261.0,75.0,32.583333333333336,31.583333333333336,0.06888888888888889
262,262.0,75.0,35.5,34.5,0.05288888888888889
263,263.0,75.0,39.0,38.0,0.04
264,264.0,75.0,36.0,35.0,0.034666666666666665
265,265.0,75.0,34.152173913043484,33.152173913043484,0.0908148148148148
266,266.0,75.0,30.760000000000005,29.760000000000005,0.07791630591630593
267,267.0,75.0,34.05172413793104,33.05172413793103,0.08766137566137566
268,268.0,75.0,32.77272727272727,31.772727272727273,0.03333333333333333
269,269.0,75.0,39.19230769230769,38.230769230769226,0.059047619047619036
270,270.0,75.0,30.4,29.5,0.07066666666666667
271,271.0,75.0,31.77777777777778,30.77777777777778,0.047174603174603175
272,272.0,75.0,28.88235294117647,27.94117647058824,0.04044444444444444
273,273.0,75.0,24.485294117647058,23.558823529411764,0.10025396825396825
274,274.0,75.0,27.635135135135137,26.675675675675677,0.1360952380952381
275,275.0,75.0,28.11111111111111,27.138888888888886,0.07555555555555556
276,276.0,75.0,32.103448275862064,31.103448275862068,0.07428571428571429
277,277.0,75.0,28.86956521739131,27.869565217391308,0.11815873015873014
278,278.0,75.0,27.689655172413797,26.706896551724142,0.11918518518518517
279,279.0,75.0,26.30555555555555,25.33333333333333,0.07377777777777778
280,280.0,75.0,24.444444444444446,23.5,0.13111111111111112
281,281.0,75.0,22.544117647058826,21.588235294117645,0.10901587301587301
282,282.0,75.0,24.84745762711864,23.84745762711864,0.15524867724867722
283,283.0,75.0,24.71428571428571,23.726190476190474,0.1293015873015873
284,284.0,75.0,27.756097560975615,26.792682926829272,0.18767195767195768
285,285.0,75.0,22.975,22.05,0.11333333333333333
286,286.0,75.0,26.267441860465116,25.308139534883722,0.1745877085877086
287,287.0,75.0,21.54878048780488,20.646341463414636,0.07923809523809525
288,288.0,75.0,23.25,22.28846153846154,0.07047619047619047
289,289.0,75.0,26.595744680851062,25.691489361702125,0.18658201058201057
290,290.0,75.0,28.375000000000004,27.447916666666668,0.18844444444444447
291,291.0,75.0,23.96825396825397,22.984126984126984,0.18705494505494508
292,292.0,75.0,26.454545454545453,25.454545454545453,0.17725030525030527
293,293.0,75.0,26.947368421052634,25.95614035087719,0.14259177859177857
294,294.0,75.0,30.726190476190478,29.773809523809522,0.08993650793650794
295,295.0,75.0,30.0,29.0,0.1351005291005291
296,296.0,75.0,23.784313725490197,22.82352941176471,0.1668754208754209
297,297.0,75.0,29.8030303030303,28.818181818181817,0.12844444444444444
298,298.0,75.0,27.107142857142854,26.160714285714285,0.04800000000000001
299,299.0,75.0,30.318181818181813,29.318181818181813,0.1265396825396825
300,300.0,75.0,21.27777777777778,20.27777777777778,0.08222222222222222
301,301.0,75.0,24.782608695652172,23.782608695652176,0.076
302,302.0,75.0,25.36842105263158,24.36842105263158,0.08266666666666667
303,303.0,75.0,22.583333333333336,21.63888888888889,0.04
304,304.0,75.0,24.08,23.150000000000002,0.10149206349206351
305,305.0,75.0,25.690476190476193,24.73809523809524,0.10299663299663299
306,306.0,75.0,25.289473684210527,24.31578947368421,0.07076190476190476
307,307.0,75.0,24.29545454545454,23.386363636363637,0.032380952380952385
308,308.0,75.0,19.4,18.566666666666663,0.051555555555555556
309,309.0,75.0,18.909090909090907,18.0,0.062222222222222213
310,310.0,75.0,27.34782608695652,26.413043478260867,0.06844444444444445
311,311.0,75.0,25.538461538461537,24.615384615384617,0.02
312,312.0,75.0,23.025,22.075,0.08177777777777777
313,313.0,75.0,23.125000000000007,22.156250000000004,0.07333333333333333
314,314.0,75.0,21.096153846153847,20.096153846153847,0.08298412698412698
315,315.0,75.0,21.68421052631579,20.684210526315788,0.04755555555555555
316,316.0,75.0,28.85,27.85,0.0712063492063492
317,317.0,75.0,28.0,27.000000000000004,0.07288888888888889
318,318.0,75.0,27.000000000000004,26.000000000000004,0.06688888888888889
319,319.0,75.0,21.892857142857142,20.89285714285715,0.01777777777777778
320,320.0,75.0,22.642857142857142,21.642857142857142,0.0
321,321.0,75.0,23.880952380952383,22.880952380952383,0.08107936507936508
322,322.0,75.0,26.38235294117647,25.38235294117647,0.04488888888888889
323,323.0,75.0,18.694444444444443,17.694444444444443,0.10488888888888888
324,324.0,75.0,23.736842105263165,22.73684210526316,0.07866666666666666
325,325.0,75.0,27.78947368421053,26.789473684210527,0.07111111111111111
326,326.0,75.0,23.529411764705884,22.529411764705884,0.044444444444444446
327,327.0,75.0,17.725,16.725,0.0646984126984127
328,328.0,75.0,24.111111111111107,23.11111111111111,0.0546031746031746
329,329.0,75.0,22.578947368421055,21.57894736842105,0.015555555555555553
330,330.0,75.0,26.409090909090914,25.409090909090907,0.0
331,331.0,75.0,22.31818181818182,21.31818181818182,0.05333333333333334
332,332.0,75.0,30.071428571428577,29.071428571428577,0.0
333,333.0,75.0,31.312500000000007,30.312500000000007,0.0
334,334.0,75.0,35.38888888888889,34.388888888888886,0.04
335,335.0,75.0,35.83333333333334,34.833333333333336,0.0
336,336.0,75.0,23.500000000000004,22.500000000000004,0.0
337,337.0,75.0,27.714285714285715,26.71428571428572,0.028888888888888895
338,338.0,75.0,45.5,44.5,0.0
339,339.0,75.0,31.750000000000007,30.75,0.031111111111111107
340,340.0,75.0,28.250000000000004,27.250000000000004,0.04
341,341.0,75.0,41.333333333333336,40.333333333333336,0.0
342,342.0,75.0,33.400000000000006,32.400000000000006,0.031111111111111107
343,343.0,75.0,38.357142857142854,37.357142857142854,0.04444444444444444
344,344.0,75.0,34.81818181818182,33.81818181818182,0.031111111111111107
345,345.0,75.0,34.41666666666667,33.41666666666667,0.02222222222222222
346,346.0,75.0,31.666666666666668,30.666666666666668,0.04
347,347.0,75.0,40.25,39.25,0.0
348,348.0,75.0,44.16666666666667,43.16666666666667,0.08
349,349.0,75.0,48.25,47.25,0.0
350,350.0,75.0,49.625000000000014,48.625000000000014,0.04
351,351.0,75.0,63.0,62.0,0.0
352,352.0,75.0,63.0,62.0,0.0
353,353.0,75.0,63.0,62.0,0.0
354,354.0,75.0,55.000000000000014,54.000000000000014,0.0
355,355.0,75.0,59.0,58.0,0.04
356,356.0,75.0,57.83333333333333,56.83333333333333,0.03288888888888889
357,357.0,75.0,59.6875,58.6875,0.050666666666666665
358,358.0,75.0,63.0,62.0,0.0
359,359.0,75.0,64.25,63.25,0.0
360,360.0,75.0,57.33333333333334,56.33333333333334,0.04
361,361.0,75.0,57.33333333333334,56.33333333333334,0.04
362,362.0,75.0,0.0,0.0,0.0
363,363.0,75.0,63.0,62.0,0.0
364,364.0,75.0,63.0,62.0,0.0
365,365.0,75.0,0.0,0.0,0.0
366,366.0,75.0,0.0,0.0,0.0
367,367.0,75.0,0.0,0.0,0.0
368,368.0,75.0,0.0,0.0,0.0
369,369.0,75.0,0.0,0.0,0.0
370,370.0,75.0,0.0,0.0,0.0
371,371.0,75.0,0.0,0.0,0.0
372,372.0,75.0,0.0,0.0,0.0
373,373.0,75.0,49.5,48.5,0.0
374,374.0,75.0,0.0,0.0,0.0
375,375.0,75.0,0.0,0.0,0.0
376,376.0,75.0,0.0,0.0,0.0
377,377.0,75.0,0.0,0.0,0.0
378,378.0,75.0,0.0,0.0,0.0
379,379.0,75.0,0.0,0.0,0.0
380,380.0,75.0,0.0,0.0,0.0
381,381.0,75.0,0.0,0.0,0.0
382,382.0,75.0,61.5,60.5,0.0
383,383.0,75.0,61.5,60.5,0.0
384,384.0,75.0,61.333333333333336,60.33333333333334,0.04
385,385.0,75.0,63.33333333333334,62.333333333333336,0.0
386,386.0,75.0,63.0,62.0,0.0
387,387.0,75.0,63.0,62.0,0.0
388,388.0,75.0,0.0,0.0,0.0
389,389.0,75.0,63.0,62.0,0.0
390,390.0,75.0,63.0,62.0,0.0
391,391.0,75.0,63.0,62.0,0.0
392,392.0,75.0,0.0,0.0,0.0
393,393.0,75.0,0.0,0.0,0.0
394,394.0,75.0,0.0,0.0,0.0
395,395.0,75.0,0.0,0.0,0.0
396,396.0,75.0,0.0,0.0,0.0
397,397.0,75.0,0.0,0.0,0.0
398,398.0,75.0,63.0,62.0,0.0
399,399.0,75.0,56.83333333333334,55.83333333333334,0.0
400,400.0,75.0,57.5,56.49999999999999,0.04933333333333333
401,401.0,75.0,56.78571428571428,55.785714285714285,0.03822222222222222
402,402.0,75.0,58.08333333333334,57.08333333333334,0.04
403,403.0,75.0,64.25,63.25,0.0
404,404.0,75.0,0.0,0.0,0.0
405,405.0,75.0,60.75,59.75,0.0
406,406.0,75.0,26.5,25.5,0.0
407,407.0,75.0,45.500000000000014,44.50000000000001,0.04
408,408.0,75.0,37.25,36.25,0.07822222222222222
409,409.0,75.0,40.71875,39.71875,0.07847619047619048
410,410.0,75.0,36.57142857142857,35.57142857142857,0.04622222222222223
411,411.0,75.0,35.34375,34.34375,0.05231746031746032
412,412.0,75.0,42.472222222222214,41.47222222222222,0.07219047619047618
413,413.0,75.0,37.60714285714286,36.607142857142854,0.04444444444444444
414,414.0,75.0,35.18181818181819,34.18181818181818,0.04
415,415.0,75.0,38.473684210526315,37.47368421052631,0.05784126984126984
416,416.0,75.0,38.175000000000004,37.175,0.0671111111111111
417,417.0,75.0,41.62500000000001,40.625000000000014,0.07549206349206349
418,418.0,75.0,39.35714285714286,38.35714285714286,0.028
419,419.0,75.0,34.199999999999996,33.2,0.05333333333333334
420,420.0,75.0,31.6,30.599999999999994,0.04666666666666667
421,421.0,75.0,27.910714285714292,27.000000000000007,0.11174603174603175
422,422.0,75.0,32.4,31.46,0.10088888888888889
423,423.0,75.0,29.951219512195124,29.01219512195122,0.10914285714285715
424,424.0,75.0,35.261904761904766,34.261904761904766,0.06177777777777777
425,425.0,75.0,34.725,33.724999999999994,0.10222222222222223
426,426.0,75.0,33.61363636363636,32.61363636363636,0.07676190476190477
427,427.0,75.0,26.31132075471698,25.367924528301888,0.1783174603174603
428,428.0,75.0,28.766666666666666,27.766666666666666,0.1182222222222222
429,429.0,75.0,26.651162790697676,25.662790697674417,0.12562962962962965
430,430.0,75.0,33.04411764705882,32.05882352941177,0.14222222222222222
431,431.0,75.0,25.85714285714286,24.85714285714286,0.09777777777777777
432,432.0,75.0,30.154761904761905,29.1547619047619,0.11266378066378065
433,433.0,75.0,26.865853658536583,25.902439024390244,0.12504761904761905
434,434.0,75.0,29.267857142857146,28.303571428571434,0.15084367484367484
435,435.0,75.0,24.735294117647054,23.852941176470583,0.17448773448773452
436,436.0,75.0,26.98936170212766,26.063829787234038,0.0938095238095238
437,437.0,75.0,25.445945945945947,24.472972972972975,0.10307936507936506
438,438.0,75.0,28.307692307692303,27.39743589743589,0.05320634920634921
439,439.0,75.0,27.32142857142857,26.392857142857142,0.07333333333333332
440,440.0,75.0,32.611111111111114,31.611111111111114,0.07365079365079365
441,441.0,75.0,24.788888888888884,23.788888888888884,0.1507089947089947
442,442.0,75.0,27.108695652173914,26.163043478260875,0.1274920634920635
443,443.0,75.0,31.292682926829272,30.292682926829272,0.12292063492063493
444,444.0,75.0,32.119565217391305,31.119565217391305,0.15553439153439155
445,445.0,75.0,29.444444444444446,28.500000000000007,0.10488888888888888
446,446.0,75.0,28.875,27.9375,0.08000000000000002
447,447.0,75.0,26.868421052631582,25.973684210526322,0.09777777777777778
448,448.0,75.0,25.78333333333333,24.9,0.09076190476190477
449,449.0,75.0,27.266666666666666,26.299999999999997,0.08844444444444444
450,450.0,75.0,26.638888888888893,25.722222222222225,0.07955555555555556
451,451.0,75.0,22.56896551724138,21.655172413793103,0.1085079365079365
452,452.0,75.0,25.08,24.1,0.10355555555555557
453,453.0,75.0,23.259615384615383,22.35576923076923,0.13697546897546894
454,454.0,75.0,23.428571428571427,22.45238095238095,0.03955555555555555
455,455.0,75.0,30.611111111111114,29.666666666666668,0.07955555555555556
456,456.0,75.0,27.477272727272727,26.52272727272727,0.058984126984126986
457,457.0,75.0,18.227272727272727,17.227272727272727,0.010222222222222221
458,458.0,75.0,24.583333333333336,23.66666666666667,0.0
459,459.0,75.0,27.833333333333336,26.833333333333332,0.031111111111111107
460,460.0,75.0,20.57142857142857,19.607142857142858,0.0791111111111111
461,461.0,75.0,17.083333333333336,16.194444444444446,0.06355555555555556
462,462.0,75.0,26.125000000000004,25.166666666666675,0.024444444444444442
463,463.0,75.0,20.923076923076923,20.03846153846154,0.0
464,464.0,75.0,32.05555555555556,31.05555555555556,0.0
465,465.0,75.0,31.555555555555557,30.55555555555556,0.02222222222222222
466,466.0,75.0,15.7,14.700000000000001,0.031111111111111107
467,467.0,75.0,26.333333333333336,25.400000000000006,0.050666666666666665
468,468.0,75.0,25.0,24.0,0.0
469,469.0,75.0,20.38888888888889,19.38888888888889,0.031111111111111107
470,470.0,75.0,22.107142857142854,21.107142857142854,0.05155555555555555
471,471.0,75.0,21.400000000000002,20.400000000000006,0.06
472,472.0,75.0,27.333333333333336,26.333333333333336,0.02222222222222222
473,473.0,75.0,25.8,24.8,0.0
474,474.0,75.0,30.22727272727273,29.227272727272727,0.05111111111111111
475,475.0,75.0,23.07142857142857,22.14285714285714,0.031111111111111107
476,476.0,75.0,34.5,33.50000000000001,0.0
477,477.0,75.0,25.000000000000004,24.0,0.0
478,478.0,75.0,39.900000000000006,38.900000000000006,0.0
479,479.0,75.0,37.72222222222223,36.72222222222223,0.0
480,480.0,75.0,30.28571428571429,29.285714285714292,0.04
481,481.0,75.0,29.863636363636363,28.863636363636363,0.028
482,482.0,75.0,36.357142857142854,35.357142857142854,0.031111111111111107
483,483.0,75.0,37.91666666666667,36.91666666666667,0.0
484,484.0,75.0,23.25,22.25,0.0
485,485.0,75.0,0.0,0.0,0.0
486,486.0,75.0,32.75,31.75,0.0
487,487.0,75.0,38.5,37.5,0.0
488,488.0,75.0,19.25,18.25,0.0
489,489.0,75.0,30.666666666666668,29.66666666666667,0.04
490,490.0,75.0,42.833333333333336,41.833333333333336,0.0
491,491.0,75.0,27.66666666666667,26.66666666666667,0.0
492,492.0,75.0,34.00000000000001,33.00000000000001,0.04
493,493.0,75.0,44.0,43.0,0.0
494,494.0,75.0,27.75,26.75,0.0
495,495.0,75.0,39.0,38.0,0.0
496,496.0,75.0,39.0,38.0,0.0
497,497.0,75.0,22.666666666666668,21.666666666666668,0.04
498,498.0,75.0,35.0,34.0,0.0
499,499.0,75.0,0.0,0.0,0.0
500,500.0,75.0,48.0,47.0,0.0
501,501.0,75.0,48.0,47.0,0.0
502,502.0,75.0,48.0,47.0,0.0
503,503.0,75.0,60.0,59.0,0.0
504,504.0,75.0,0.0,0.0,0.0
505,505.0,75.0,0.0,0.0,0.0
506,506.0,75.0,55.16666666666667,54.166666666666664,0.0
507,507.0,75.0,56.5,55.5,0.0
508,508.0,75.0,58.16666666666667,57.16666666666667,0.0
509,509.0,75.0,65.125,64.125,0.031111111111111107
510,510.0,75.0,63.00000000000001,62.000000000000014,0.0
511,511.0,75.0,0.0,0.0,0.0
512,512.0,75.0,0.0,0.0,0.0
513,513.0,75.0,49.5,48.5,0.0
514,514.0,75.0,0.0,0.0,0.0
515,515.0,75.0,0.0,0.0,0.0
516,516.0,75.0,0.0,0.0,0.0
517,517.0,75.0,59.5,58.5,0.0
518,518.0,75.0,0.0,0.0,0.0
519,519.0,75.0,0.0,0.0,0.0
520,520.0,75.0,0.0,0.0,0.0
521,521.0,75.0,0.0,0.0,0.0
522,522.0,75.0,0.0,0.0,0.0
523,523.0,75.0,0.0,0.0,0.0
524,524.0,75.0,0.0,0.0,0.0
525,525.0,75.0,66.5,65.5,0.0
526,526.0,75.0,0.0,0.0,0.0
527,527.0,75.0,0.0,0.0,0.0
528,528.0,75.0,0.0,0.0,0.0
529,529.0,75.0,0.0,0.0,0.0
530,530.0,75.0,60.0,59.0,0.0
531,531.0,75.0,0.0,0.0,0.0
532,532.0,75.0,0.0,0.0,0.0
533,533.0,75.0,0.0,0.0,0.0
534,534.0,75.0,0.0,0.0,0.0
535,535.0,75.0,0.0,0.0,0.0
536,536.0,75.0,0.0,0.0,0.0
537,537.0,75.0,0.0,0.0,0.0
538,538.0,75.0,62.5,61.5,0.0
539,539.0,75.0,61.5,60.5,0.0
540,540.0,75.0,0.0,0.0,0.0
541,541.0,75.0,0.0,0.0,0.0
542,542.0,75.0,0.0,0.0,0.0
543,543.0,75.0,0.0,0.0,0.0
544,544.0,75.0,0.0,0.0,0.0
545,545.0,75.0,0.0,0.0,0.0
546,546.0,75.0,0.0,0.0,0.0
547,547.0,75.0,53.5,52.5,0.0
548,548.0,75.0,59.0,58.0,0.0
549,549.0,75.0,56.375,55.375,0.0
550,550.0,75.0,60.5,59.5,0.0
551,551.0,75.0,0.0,0.0,0.0
552,552.0,75.0,0.0,0.0,0.0
553,553.0,75.0,0.0,0.0,0.0
554,554.0,75.0,56.0,55.0,0.0
555,555.0,75.0,40.5,39.5,0.0
556,556.0,75.0,27.66666666666667,26.66666666666667,0.0
557,557.0,75.0,30.333333333333332,29.333333333333336,0.02222222222222222
558,558.0,75.0,28.800000000000004,27.800000000000004,0.04444444444444444
559,559.0,75.0,23.85,22.85,0.09422222222222222
560,560.0,75.0,23.09090909090909,22.090909090909093,0.03733333333333333
561,561.0,75.0,34.66666666666667,33.66666666666667,0.062222222222222213
562,562.0,75.0,37.75,36.74999999999999,0.06
563,563.0,75.0,35.882352941176464,34.88235294117647,0.08133333333333334
564,564.0,75.0,37.53333333333334,36.53333333333334,0.08031746031746032
565,565.0,75.0,33.19565217391304,32.19565217391305,0.10482539682539682
566,566.0,75.0,31.421052631578945,30.421052631578945,0.11733333333333335
567,567.0,75.0,35.88888888888889,34.88888888888889,0.06488888888888888
568,568.0,75.0,32.230769230769226,31.25,0.08031746031746033
569,569.0,75.0,26.300000000000004,25.425000000000004,0.052
570,570.0,75.0,31.047619047619055,30.095238095238102,0.12933333333333336
571,571.0,75.0,34.93750000000001,33.96875000000001,0.06888888888888887
572,572.0,75.0,30.5,29.532258064516125,0.07644444444444444
573,573.0,75.0,32.28571428571429,31.314285714285717,0.11199999999999997
574,574.0,75.0,26.425925925925934,25.44444444444445,0.07358730158730159
575,575.0,75.0,41.54166666666667,40.583333333333336,0.07200000000000001
576,576.0,75.0,30.161764705882355,29.176470588235297,0.13466666666666668
577,577.0,75.0,27.53125,26.546875,0.112
578,578.0,75.0,24.680555555555557,23.694444444444446,0.07873015873015872
579,579.0,75.0,26.86,25.880000000000003,0.06888888888888887
580,580.0,75.0,27.595744680851062,26.659574468085104,0.12212987012987017
581,581.0,75.0,33.287878787878796,32.30303030303031,0.12673015873015872
582,582.0,75.0,31.15217391304348,30.17391304347826,0.08844444444444445
583,583.0,75.0,30.320000000000004,29.360000000000003,0.160994708994709
584,584.0,75.0,29.61038961038962,28.629870129870138,0.19844555444555448
585,585.0,75.0,26.509999999999994,25.540000000000003,0.1570928330928331
586,586.0,75.0,25.81884057971014,24.83333333333333,0.16385325785325786
587,587.0,75.0,31.0,30.027777777777782,0.09676190476190474
588,588.0,75.0,31.40384615384615,30.42307692307692,0.11244444444444444
589,589.0,75.0,34.0,33.01724137931034,0.10546031746031746
590,590.0,75.0,28.083333333333336,27.111111111111114,0.048
591,591.0,75.0,26.96875,25.984375,0.12190476190476192
592,592.0,75.0,31.880434782608695,30.891304347826086,0.10262433862433863
593,593.0,75.0,33.809999999999995,32.849999999999994,0.12123136123136123
594,594.0,75.0,28.249999999999996,27.25,0.1284867724867725
595,595.0,75.0,28.16666666666667,27.214285714285715,0.11904280904280905
596,596.0,75.0,23.848484848484844,22.95454545454545,0.13249735449735447
597,597.0,75.0,27.045454545454547,26.136363636363637,0.1187070707070707
598,598.0,75.0,27.659090909090907,26.704545454545453,0.09333333333333334
599,599.0,75.0,24.916666666666675,24.04166666666667,0.08444444444444445
