,stimes,k,opt error,even error
0,0.0,23.328416149068325,7980.728630011971,12485.73351586538
1,63501.0,20.79633027522936,7980.728630011971,12485.73351586538
2,90220.0,22.261827956989247,7980.728630011971,12485.73351586538
3,115204.0,23.5,7980.728630011971,12485.73351586538
4,144699.0,27.139705882352942,7980.728630011971,12485.73351586538
5,176970.0,23.762183235867443,7980.728630011971,12485.73351586538
6,190503.0,39.019565217391296,7980.728630011971,12485.73351586538
7,230755.0,29.49372713016205,7980.728630011971,12485.73351586538
8,274824.0,37.43548387096774,7980.728630011971,12485.73351586538
9,323057.0,29.320564516129032,7980.728630011971,12485.73351586538
