,Snapshot number,N,k,q,C
0,0.0,75.0,16.71428571428571,15.714285714285712,0.031111111111111114
1,1.0,75.0,15.0,14.0,0.0
2,2.0,75.0,15.05263157894737,14.10526315789474,0.09551322751322751
3,3.0,75.0,13.847826086956523,12.869565217391306,0.03866666666666667
4,4.0,75.0,14.227272727272727,13.363636363636363,0.035111111111111114
5,5.0,75.0,16.575,15.65,0.08787301587301587
6,6.0,75.0,18.736842105263158,17.842105263157894,0.05155555555555555
7,7.0,75.0,19.909090909090907,18.954545454545453,0.07911111111111112
8,8.0,75.0,16.738095238095237,15.809523809523807,0.08311111111111112
9,9.0,75.0,22.926470588235293,21.985294117647058,0.07276190476190476
10,10.0,75.0,23.857142857142858,22.857142857142854,0.11873015873015874
11,11.0,75.0,26.04545454545454,25.045454545454543,0.09955555555555555
12,12.0,75.0,21.0,20.0,0.04533333333333333
13,13.0,75.0,27.8,26.8,0.07580952380952381
14,14.0,75.0,29.5,28.5,0.10895238095238094
15,15.0,75.0,32.81818181818181,31.81818181818182,0.02
16,16.0,75.0,24.875,23.875,0.0
17,17.0,75.0,21.0,20.0,0.0
18,18.0,75.0,32.0,31.0,0.0
19,19.0,75.0,39.400000000000006,38.400000000000006,0.028888888888888895
20,20.0,75.0,40.4,39.400000000000006,0.059111111111111114
21,21.0,75.0,38.349999999999994,37.35,0.04857142857142857
22,22.0,75.0,36.25,35.25,0.0
23,23.0,75.0,32.0,31.0,0.0
24,24.0,75.0,0.0,0.0,0.0
25,25.0,75.0,32.0,31.0,0.0
26,26.0,75.0,36.0,35.0,0.0
27,27.0,75.0,36.0,35.0,0.0
28,28.0,75.0,0.0,0.0,0.0
29,29.0,75.0,36.833333333333336,35.833333333333336,0.0
30,30.0,75.0,0.0,0.0,0.0
31,31.0,75.0,0.0,0.0,0.0
32,32.0,75.0,0.0,0.0,0.0
33,33.0,75.0,38.8125,37.8125,0.03733333333333333
34,34.0,75.0,40.250000000000014,39.250000000000014,0.03733333333333333
35,35.0,75.0,38.00000000000001,37.00000000000001,0.04
36,36.0,75.0,12.600000000000001,11.600000000000001,0.031111111111111107
37,37.0,75.0,18.65789473684211,17.65789473684211,0.05466666666666666
38,38.0,75.0,25.29032258064516,24.29032258064516,0.08278499278499278
39,39.0,75.0,27.762500000000003,26.762500000000003,0.1151184371184371
40,40.0,75.0,23.53333333333333,22.566666666666663,0.14388041588041586
41,41.0,75.0,20.04,19.13,0.16234920634920635
42,42.0,75.0,24.597222222222218,23.625,0.11725925925925926
43,43.0,75.0,19.598591549295776,18.69718309859155,0.14261131461131463
44,44.0,75.0,21.9375,21.004807692307693,0.19620087537734596
45,45.0,75.0,20.130208333333336,19.177083333333332,0.2508011770364712
46,46.0,75.0,21.463157894736845,20.510526315789477,0.17073741073741072
47,47.0,75.0,21.19662921348315,20.264044943820224,0.19777799977799976
48,48.0,75.0,23.649425287356323,22.678160919540232,0.17869795999207766
49,49.0,75.0,19.290909090909096,18.290909090909093,0.10856277056277056
50,50.0,75.0,18.30952380952381,17.341269841269845,0.15911592111592113
51,51.0,75.0,18.34285714285714,17.42142857142857,0.17928752728752728
52,52.0,75.0,18.186274509803923,17.254901960784313,0.14710052910052912
53,53.0,75.0,25.542857142857144,24.542857142857144,0.13362962962962963
54,54.0,75.0,26.282608695652176,25.282608695652172,0.17265608465608465
55,55.0,75.0,22.611111111111107,21.65079365079365,0.13890331890331892
56,56.0,75.0,24.111111111111114,23.166666666666668,0.11662433862433863
57,57.0,75.0,19.043478260869563,18.163043478260867,0.112995670995671
58,58.0,75.0,19.666666666666668,18.708333333333336,0.09956709956709958
59,59.0,75.0,19.788461538461537,18.884615384615383,0.0848888888888889
60,60.0,75.0,22.791666666666668,21.791666666666668,0.14755555555555555
61,61.0,75.0,24.516129032258064,23.516129032258064,0.0948888888888889
62,62.0,75.0,23.75,22.75,0.07822222222222223
63,63.0,75.0,22.474999999999994,21.474999999999994,0.06768253968253968
64,64.0,75.0,25.928571428571423,24.928571428571427,0.08057142857142857
65,65.0,75.0,28.725,27.725,0.04793650793650793
66,66.0,75.0,21.333333333333336,20.333333333333336,0.031111111111111107
67,67.0,75.0,23.5,22.5,0.0
68,68.0,75.0,0.0,0.0,0.0
69,69.0,75.0,0.0,0.0,0.0
70,70.0,75.0,0.0,0.0,0.0
71,71.0,75.0,0.0,0.0,0.0
72,72.0,75.0,0.0,0.0,0.0
73,73.0,75.0,0.0,0.0,0.0
74,74.0,75.0,0.0,0.0,0.0
75,75.0,75.0,0.0,0.0,0.0
76,76.0,75.0,0.0,0.0,0.0
77,77.0,75.0,0.0,0.0,0.0
78,78.0,75.0,0.0,0.0,0.0
79,79.0,75.0,0.0,0.0,0.0
80,80.0,75.0,0.0,0.0,0.0
81,81.0,75.0,0.0,0.0,0.0
82,82.0,75.0,0.0,0.0,0.0
83,83.0,75.0,50.0,49.0,0.0
84,84.0,75.0,50.0,49.0,0.0
85,85.0,75.0,50.0,49.0,0.0
86,86.0,75.0,28.42307692307692,27.42307692307692,0.06666666666666667
87,87.0,75.0,34.434782608695656,33.434782608695656,0.09851851851851852
88,88.0,75.0,33.550000000000004,32.550000000000004,0.14183261183261184
89,89.0,75.0,35.583333333333336,34.59722222222223,0.10035978835978834
90,90.0,75.0,30.500000000000004,29.558139534883722,0.11626936026936027
91,91.0,75.0,27.230769230769234,26.276923076923076,0.18531379731379735
92,92.0,75.0,30.938775510204078,29.948979591836732,0.15652665852665854
93,93.0,75.0,25.08,24.13,0.1353968253968254
94,94.0,75.0,24.8956043956044,23.917582417582423,0.1984150664150664
95,95.0,75.0,25.79741379310345,24.853448275862068,0.22170636770636767
96,96.0,75.0,24.81927710843374,23.90361445783133,0.2268988788988789
97,97.0,75.0,25.16666666666667,24.175213675213676,0.24822275545804956
98,98.0,75.0,28.701086956521742,27.73913043478261,0.20133081733081734
99,99.0,75.0,29.388059701492544,28.417910447761194,0.1791630591630592
100,100.0,75.0,24.761904761904766,23.761904761904763,0.12187301587301588
101,101.0,75.0,24.125000000000007,23.190789473684216,0.16206119806119806
102,102.0,75.0,23.534090909090907,22.625,0.11315440115440116
103,103.0,75.0,23.78125,22.859375,0.08112169312169312
104,104.0,75.0,21.888888888888886,20.922222222222224,0.12376719576719578
105,105.0,75.0,26.0,24.999999999999996,0.09558730158730158
106,106.0,75.0,26.575757575757578,25.57575757575758,0.05824531024531024
107,107.0,75.0,23.807692307692303,22.807692307692303,0.13
108,108.0,75.0,26.15625,25.15625,0.09733333333333331
109,109.0,75.0,22.430555555555557,21.430555555555557,0.09247619047619048
110,110.0,75.0,26.5952380952381,25.5952380952381,0.03155555555555556
111,111.0,75.0,34.17857142857143,33.17857142857142,0.024444444444444442
112,112.0,75.0,30.799999999999997,29.8,0.03911111111111111
113,113.0,75.0,32.41666666666667,31.416666666666668,0.02666666666666667
114,114.0,75.0,34.86842105263158,33.868421052631575,0.05888888888888889
115,115.0,75.0,33.31250000000001,32.31250000000001,0.04666666666666667
116,116.0,75.0,43.208333333333336,42.208333333333336,0.07200000000000001
117,117.0,75.0,63.0,62.0,0.0
118,118.0,75.0,57.533333333333324,56.53333333333333,0.05807407407407407
119,119.0,75.0,60.33333333333334,59.333333333333336,0.047999999999999994
120,120.0,75.0,57.33333333333334,56.33333333333334,0.04
121,121.0,75.0,63.0,62.0,0.0
122,122.0,75.0,0.0,0.0,0.0
123,123.0,75.0,0.0,0.0,0.0
124,124.0,75.0,49.5,48.5,0.0
125,125.0,75.0,0.0,0.0,0.0
126,126.0,75.0,0.0,0.0,0.0
127,127.0,75.0,61.5,60.5,0.0
128,128.0,75.0,62.375,61.375,0.031111111111111114
129,129.0,75.0,63.0,62.0,0.0
130,130.0,75.0,63.0,62.0,0.0
131,131.0,75.0,0.0,0.0,0.0
132,132.0,75.0,63.0,62.0,0.0
133,133.0,75.0,56.8,55.8,0.07259259259259258
134,134.0,75.0,59.14285714285714,58.14285714285714,0.03822222222222222
135,135.0,75.0,48.10000000000001,47.1,0.04
136,136.0,75.0,38.43478260869565,37.434782608695656,0.08651851851851852
137,137.0,75.0,38.535714285714285,37.535714285714285,0.06628571428571428
138,138.0,75.0,39.25,38.25,0.11166137566137567
139,139.0,75.0,41.81481481481482,40.81481481481482,0.0813968253968254
140,140.0,75.0,29.595744680851062,28.670212765957444,0.1535651755651756
141,141.0,75.0,31.586206896551726,30.62931034482758,0.19262433862433864
142,142.0,75.0,28.184210526315788,27.223684210526315,0.18267147667147668
143,143.0,75.0,28.448051948051948,27.46103896103896,0.22064550264550264
144,144.0,75.0,28.829999999999995,27.864999999999995,0.19136729936729932
145,145.0,75.0,25.297979797979792,24.388888888888886,0.20119260695731284
146,146.0,75.0,28.78676470588235,27.860294117647058,0.13608658008658006
147,147.0,75.0,28.768817204301072,27.79569892473118,0.20146261146261146
148,148.0,75.0,30.29850746268657,29.320895522388064,0.16827417027417024
149,149.0,75.0,26.163043478260867,25.27173913043478,0.13278210678210678
150,150.0,75.0,24.47916666666667,23.562500000000004,0.11830687830687829
151,151.0,75.0,24.67123287671233,23.746575342465757,0.16058245458245457
152,152.0,75.0,25.772727272727273,24.803030303030305,0.0626878306878307
153,153.0,75.0,20.1923076923077,19.26923076923077,0.09828571428571428
154,154.0,75.0,25.851851851851855,24.925925925925927,0.04622222222222223
155,155.0,75.0,26.9375,25.979166666666668,0.08488888888888889
156,156.0,75.0,23.59090909090909,22.59090909090909,0.050666666666666665
157,157.0,75.0,25.89130434782609,24.89130434782609,0.053555555555555565
158,158.0,75.0,27.638888888888886,26.666666666666664,0.08222222222222222
159,159.0,75.0,37.23076923076923,36.23076923076923,0.028888888888888895
160,160.0,75.0,33.1764705882353,32.1764705882353,0.07682539682539682
161,161.0,75.0,34.25,33.25,0.0
162,162.0,75.0,26.0,25.0,0.0
163,163.0,75.0,33.30000000000001,32.30000000000001,0.036825396825396824
164,164.0,75.0,34.416666666666664,33.41666666666667,0.02222222222222222
165,165.0,75.0,26.75,25.75,0.031111111111111114
166,166.0,75.0,41.5,40.5,0.0
167,167.0,75.0,54.0,53.0,0.0
168,168.0,75.0,55.16666666666667,54.166666666666664,0.0
169,169.0,75.0,60.78571428571428,59.785714285714285,0.027555555555555552
170,170.0,75.0,63.00000000000001,62.000000000000014,0.0
171,171.0,75.0,49.5,48.5,0.0
172,172.0,75.0,59.5,58.5,0.0
173,173.0,75.0,0.0,0.0,0.0
174,174.0,75.0,0.0,0.0,0.0
175,175.0,75.0,66.5,65.5,0.0
176,176.0,75.0,60.0,59.0,0.0
177,177.0,75.0,0.0,0.0,0.0
178,178.0,75.0,0.0,0.0,0.0
179,179.0,75.0,61.5,60.5,0.0
180,180.0,75.0,0.0,0.0,0.0
181,181.0,75.0,0.0,0.0,0.0
182,182.0,75.0,56.25,55.25,0.0
183,183.0,75.0,56.375,55.375,0.0
184,184.0,75.0,56.0,55.0,0.0
185,185.0,75.0,31.125,30.125,0.02
186,186.0,75.0,27.518518518518526,26.518518518518523,0.09066666666666667
187,187.0,75.0,35.12068965517241,34.12068965517241,0.10933333333333332
188,188.0,75.0,33.34285714285715,32.34285714285715,0.1357922077922078
189,189.0,75.0,32.044444444444444,31.111111111111107,0.09986243386243386
190,190.0,75.0,29.06976744186047,28.104651162790702,0.11117460317460318
191,191.0,75.0,33.10416666666667,32.12500000000001,0.18226455026455027
192,192.0,75.0,26.338028169014077,25.34507042253521,0.15684012284012283
193,193.0,75.0,28.75974025974026,27.798701298701296,0.17826664403134992
194,194.0,75.0,29.95,28.96818181818182,0.22696724408489113
195,195.0,75.0,28.54054054054054,27.554054054054053,0.23255999773646835
196,196.0,75.0,31.431372549019613,30.441176470588236,0.14962393162393164
197,197.0,75.0,31.821839080459775,30.844827586206904,0.17703866503866503
198,198.0,75.0,28.829670329670336,27.873626373626372,0.14742361342361343
199,199.0,75.0,28.540000000000003,27.620000000000005,0.14683028083028082
