,stimes,k,opt error,even error
0,0.0,23.023692810457515,9494.966278494489,14601.572931266897
1,65534.0,20.634099616858236,9494.966278494489,14601.572931266897
2,92008.0,23.02061855670103,9494.966278494489,14601.572931266897
3,115010.0,37.92307692307692,9494.966278494489,14601.572931266897
4,150164.0,27.590840840840844,9494.966278494489,14601.572931266897
5,171864.0,25.690294438386037,9494.966278494489,14601.572931266897
6,203112.0,59.12637362637361,9494.966278494489,14601.572931266897
7,235662.0,28.8881239242685,9494.966278494489,14601.572931266897
8,274722.0,36.4567901234568,9494.966278494489,14601.572931266897
9,323764.0,29.510248901903367,9494.966278494489,14601.572931266897
