,Snapshot number,N,k,q,C
0,0.0,75.0,19.75,18.75,0.0
1,1.0,75.0,15.125,14.125,0.031111111111111107
2,2.0,75.0,14.166666666666668,13.166666666666668,0.0
3,3.0,75.0,0.0,0.0,0.0
4,4.0,75.0,17.0,16.0,0.0
5,5.0,75.0,0.0,0.0,0.0
6,6.0,75.0,18.25,17.25,0.0
7,7.0,75.0,14.166666666666668,13.166666666666668,0.0
8,8.0,75.0,19.0,18.0,0.0
9,9.0,75.0,0.0,0.0,0.0
10,10.0,75.0,12.5,11.5,0.0
11,11.0,75.0,16.499999999999996,15.578947368421051,0.06907936507936507
12,12.0,75.0,16.94230769230769,15.98076923076923,0.07873015873015873
13,13.0,75.0,13.333333333333332,12.38888888888889,0.01111111111111111
14,14.0,75.0,17.16666666666667,16.250000000000004,0.04
15,15.0,75.0,14.733333333333333,13.733333333333334,0.04444444444444444
16,16.0,75.0,17.5,16.5,0.0
17,17.0,75.0,12.8,11.9,0.0
18,18.0,75.0,13.700000000000003,12.700000000000001,0.0
19,19.0,75.0,17.5,16.5,0.0
20,20.0,75.0,17.5,16.5,0.0
21,21.0,75.0,17.5,16.5,0.0
22,22.0,75.0,13.9375,13.125,0.010222222222222221
23,23.0,75.0,14.25,13.25,0.031111111111111107
24,24.0,75.0,17.625,16.625,0.04
25,25.0,75.0,19.625000000000004,18.625000000000004,0.0
26,26.0,75.0,19.307692307692307,18.307692307692307,0.05822222222222223
27,27.0,75.0,19.400000000000002,18.400000000000002,0.0
28,28.0,75.0,17.285714285714285,16.428571428571427,0.0
29,29.0,75.0,14.0,13.100000000000001,0.04
30,30.0,75.0,12.785714285714286,11.999999999999998,0.02222222222222222
31,31.0,75.0,23.0625,22.125,0.008888888888888889
32,32.0,75.0,21.833333333333332,20.833333333333336,0.0
33,33.0,75.0,23.166666666666668,22.166666666666668,0.0
34,34.0,75.0,22.000000000000007,21.000000000000004,0.0
35,35.0,75.0,22.772727272727273,21.772727272727273,0.028888888888888895
36,36.0,75.0,19.875000000000007,18.875000000000007,0.0
37,37.0,75.0,19.875000000000007,18.875000000000007,0.08
38,38.0,75.0,17.187500000000004,16.312500000000004,0.07111111111111112
39,39.0,75.0,16.944444444444446,16.0,0.031111111111111107
40,40.0,75.0,16.25,15.25,0.057777777777777775
41,41.0,75.0,16.961538461538463,15.961538461538463,0.08533333333333334
42,42.0,75.0,16.666666666666668,15.66666666666667,0.028888888888888888
43,43.0,75.0,15.625,15.0,0.031111111111111107
44,44.0,75.0,17.166666666666668,16.333333333333336,0.0
45,45.0,75.0,18.666666666666668,17.666666666666668,0.02222222222222222
46,46.0,75.0,24.25,23.3,0.035555555555555556
47,47.0,75.0,20.666666666666668,19.75,0.04666666666666667
48,48.0,75.0,21.38888888888889,20.388888888888893,0.06888888888888889
49,49.0,75.0,26.944444444444446,25.94444444444445,0.05333333333333334
50,50.0,75.0,22.375,21.375,0.0
51,51.0,75.0,24.045454545454543,23.045454545454547,0.04444444444444444
52,52.0,75.0,18.77777777777778,17.777777777777782,0.02222222222222222
53,53.0,75.0,22.769230769230774,21.769230769230766,0.051111111111111114
54,54.0,75.0,23.590909090909086,22.590909090909093,0.04
55,55.0,75.0,22.200000000000003,21.200000000000003,0.02222222222222222
56,56.0,75.0,22.375000000000007,21.375000000000007,0.035555555555555556
57,57.0,75.0,24.147058823529413,23.14705882352941,0.0928888888888889
58,58.0,75.0,25.944444444444446,24.944444444444446,0.07555555555555556
59,59.0,75.0,22.555555555555557,21.555555555555557,0.05333333333333334
60,60.0,75.0,22.928571428571427,21.928571428571427,0.04
61,61.0,75.0,19.9375,18.9375,0.048444444444444436
62,62.0,75.0,21.9,20.900000000000002,0.031111111111111107
63,63.0,75.0,20.250000000000004,19.250000000000004,0.031111111111111107
64,64.0,75.0,21.75,20.75,0.035555555555555556
65,65.0,75.0,21.222222222222225,20.22222222222222,0.019999999999999997
66,66.0,75.0,27.5,26.500000000000004,0.035555555555555556
67,67.0,75.0,30.333333333333336,29.333333333333336,0.0
68,68.0,75.0,28.0,27.0,0.0
69,69.0,75.0,28.900000000000002,27.900000000000002,0.04
70,70.0,75.0,26.25,25.25,0.04
71,71.0,75.0,30.16666666666667,29.166666666666668,0.04
72,72.0,75.0,31.437500000000007,30.437500000000007,0.07111111111111111
73,73.0,75.0,27.900000000000002,26.900000000000002,0.028888888888888888
74,74.0,75.0,29.875,28.875,0.06888888888888887
75,75.0,75.0,27.214285714285715,26.214285714285715,0.031111111111111107
76,76.0,75.0,22.833333333333336,21.833333333333336,0.0
77,77.0,75.0,31.25,30.25,0.0
78,78.0,75.0,35.750000000000014,34.75000000000001,0.0
79,79.0,75.0,27.333333333333336,26.333333333333336,0.0
80,80.0,75.0,41.5,40.5,0.0
81,81.0,75.0,18.5,17.5,0.0
82,82.0,75.0,0.0,0.0,0.0
83,83.0,75.0,0.0,0.0,0.0
84,84.0,75.0,21.0,20.0,0.0
85,85.0,75.0,0.0,0.0,0.0
86,86.0,75.0,21.0,20.0,0.0
87,87.0,75.0,21.0,20.0,0.0
88,88.0,75.0,0.0,0.0,0.0
89,89.0,75.0,0.0,0.0,0.0
90,90.0,75.0,0.0,0.0,0.0
91,91.0,75.0,0.0,0.0,0.0
92,92.0,75.0,32.0,31.0,0.0
93,93.0,75.0,32.0,31.0,0.0
94,94.0,75.0,32.0,31.0,0.0
95,95.0,75.0,32.0,31.0,0.0
96,96.0,75.0,32.0,31.0,0.0
97,97.0,75.0,34.25,33.25,0.0
98,98.0,75.0,36.666666666666664,35.66666666666667,0.0
99,99.0,75.0,39.66666666666667,38.66666666666667,0.04
100,100.0,75.0,40.0,39.0,0.0
101,101.0,75.0,39.0,38.0,0.04
102,102.0,75.0,40.5,39.5,0.031111111111111107
103,103.0,75.0,38.33333333333334,37.333333333333336,0.04
104,104.0,75.0,38.8,37.8,0.04444444444444444
105,105.0,75.0,35.0,34.0,0.0
106,106.0,75.0,37.2,36.2,0.0
107,107.0,75.0,36.833333333333336,35.833333333333336,0.0
108,108.0,75.0,38.99999999999999,38.0,0.05333333333333334
109,109.0,75.0,36.66666666666667,35.66666666666667,0.04
110,110.0,75.0,36.25,35.25,0.0
111,111.0,75.0,0.0,0.0,0.0
112,112.0,75.0,0.0,0.0,0.0
113,113.0,75.0,0.0,0.0,0.0
114,114.0,75.0,0.0,0.0,0.0
115,115.0,75.0,32.0,31.0,0.0
116,116.0,75.0,0.0,0.0,0.0
117,117.0,75.0,0.0,0.0,0.0
118,118.0,75.0,0.0,0.0,0.0
119,119.0,75.0,32.0,31.0,0.0
120,120.0,75.0,0.0,0.0,0.0
121,121.0,75.0,0.0,0.0,0.0
122,122.0,75.0,0.0,0.0,0.0
123,123.0,75.0,0.0,0.0,0.0
124,124.0,75.0,0.0,0.0,0.0
125,125.0,75.0,0.0,0.0,0.0
126,126.0,75.0,0.0,0.0,0.0
127,127.0,75.0,32.0,31.0,0.0
128,128.0,75.0,0.0,0.0,0.0
129,129.0,75.0,0.0,0.0,0.0
130,130.0,75.0,0.0,0.0,0.0
131,131.0,75.0,0.0,0.0,0.0
132,132.0,75.0,0.0,0.0,0.0
133,133.0,75.0,0.0,0.0,0.0
134,134.0,75.0,36.0,35.0,0.0
135,135.0,75.0,36.0,35.0,0.0
136,136.0,75.0,0.0,0.0,0.0
137,137.0,75.0,0.0,0.0,0.0
138,138.0,75.0,0.0,0.0,0.0
139,139.0,75.0,0.0,0.0,0.0
140,140.0,75.0,0.0,0.0,0.0
141,141.0,75.0,0.0,0.0,0.0
142,142.0,75.0,0.0,0.0,0.0
143,143.0,75.0,0.0,0.0,0.0
144,144.0,75.0,0.0,0.0,0.0
145,145.0,75.0,0.0,0.0,0.0
146,146.0,75.0,0.0,0.0,0.0
147,147.0,75.0,0.0,0.0,0.0
148,148.0,75.0,38.25,37.25,0.0
149,149.0,75.0,36.75,35.75,0.0
150,150.0,75.0,0.0,0.0,0.0
151,151.0,75.0,0.0,0.0,0.0
152,152.0,75.0,0.0,0.0,0.0
153,153.0,75.0,0.0,0.0,0.0
154,154.0,75.0,0.0,0.0,0.0
155,155.0,75.0,0.0,0.0,0.0
156,156.0,75.0,0.0,0.0,0.0
157,157.0,75.0,0.0,0.0,0.0
158,158.0,75.0,0.0,0.0,0.0
159,159.0,75.0,0.0,0.0,0.0
160,160.0,75.0,0.0,0.0,0.0
161,161.0,75.0,0.0,0.0,0.0
162,162.0,75.0,0.0,0.0,0.0
163,163.0,75.0,0.0,0.0,0.0
164,164.0,75.0,0.0,0.0,0.0
165,165.0,75.0,0.0,0.0,0.0
166,166.0,75.0,40.5,39.5,0.0
167,167.0,75.0,37.333333333333336,36.33333333333334,0.04
168,168.0,75.0,39.37500000000001,38.37500000000001,0.031111111111111107
169,169.0,75.0,37.12500000000001,36.12500000000001,0.0
170,170.0,75.0,38.0,37.0,0.0
171,171.0,75.0,35.66666666666667,34.66666666666667,0.04
172,172.0,75.0,43.16666666666667,42.16666666666667,0.0
173,173.0,75.0,32.0,31.0,0.0
174,174.0,75.0,39.16666666666667,38.16666666666667,0.0
175,175.0,75.0,36.75,35.75,0.0
176,176.0,75.0,36.75,35.75,0.0
177,177.0,75.0,36.75,35.75,0.0
178,178.0,75.0,0.0,0.0,0.0
179,179.0,75.0,40.5,39.5,0.0
180,180.0,75.0,0.0,0.0,0.0
181,181.0,75.0,18.5,17.5,0.0
182,182.0,75.0,18.5,17.5,0.0
183,183.0,75.0,9.0,8.0,0.0
184,184.0,75.0,11.0,10.0,0.0
185,185.0,75.0,13.375000000000004,12.375000000000004,0.0
186,186.0,75.0,17.5,16.5,0.02222222222222222
187,187.0,75.0,17.66666666666667,16.666666666666668,0.0
188,188.0,75.0,17.625000000000004,16.625000000000004,0.0
189,189.0,75.0,17.772727272727273,16.772727272727273,0.03822222222222222
190,190.0,75.0,20.18181818181818,19.18181818181818,0.04
191,191.0,75.0,26.055555555555557,25.05555555555555,0.04253968253968254
192,192.0,75.0,22.9375,21.9375,0.0
193,193.0,75.0,28.9,27.900000000000002,0.02222222222222222
194,194.0,75.0,24.55,23.549999999999997,0.07333333333333333
195,195.0,75.0,26.27777777777778,25.27777777777778,0.08444444444444445
196,196.0,75.0,30.750000000000004,29.750000000000004,0.07111111111111112
197,197.0,75.0,23.34375,22.34375,0.08533333333333334
198,198.0,75.0,28.69444444444445,27.694444444444446,0.05476190476190477
199,199.0,75.0,23.250000000000004,22.25,0.055111111111111104
200,200.0,75.0,23.625,22.625,0.0546031746031746
201,201.0,75.0,19.666666666666668,18.66666666666667,0.06044444444444444
202,202.0,75.0,23.09375,22.09375,0.03955555555555556
203,203.0,75.0,21.96428571428571,20.964285714285715,0.05822222222222222
204,204.0,75.0,20.18181818181818,19.27272727272727,0.044444444444444446
205,205.0,75.0,17.718750000000004,16.875000000000004,0.06755555555555555
206,206.0,75.0,17.96875,17.0,0.10666666666666666
207,207.0,75.0,19.090909090909086,18.136363636363637,0.14355555555555558
208,208.0,75.0,20.052631578947366,19.131578947368418,0.08933333333333332
209,209.0,75.0,19.700000000000003,18.76666666666667,0.057777777777777775
210,210.0,75.0,22.961538461538463,22.000000000000004,0.04
211,211.0,75.0,23.264705882352942,22.32352941176471,0.09999999999999999
212,212.0,75.0,18.96153846153846,18.0,0.04444444444444444
213,213.0,75.0,24.769230769230766,23.76923076923077,0.02222222222222222
214,214.0,75.0,28.07142857142857,27.07142857142857,0.04
215,215.0,75.0,20.375,19.475,0.06266666666666666
216,216.0,75.0,19.892857142857146,18.92857142857143,0.1424126984126984
217,217.0,75.0,19.205882352941174,18.29411764705882,0.07474074074074075
218,218.0,75.0,20.470588235294116,19.5,0.07555555555555554
219,219.0,75.0,22.315789473684212,21.447368421052634,0.06266666666666666
220,220.0,75.0,18.93333333333333,18.03333333333333,0.11073015873015873
221,221.0,75.0,21.260416666666664,20.291666666666664,0.15895482295482294
222,222.0,75.0,20.217391304347828,19.23913043478261,0.08222222222222222
223,223.0,75.0,21.458333333333336,20.5625,0.035555555555555556
224,224.0,75.0,23.309523809523807,22.404761904761905,0.08000000000000002
225,225.0,75.0,22.083333333333336,21.13888888888889,0.08463492063492065
226,226.0,75.0,17.875,16.9375,0.052126984126984126
227,227.0,75.0,21.43137254901961,20.431372549019613,0.09052910052910053
228,228.0,75.0,21.445945945945947,20.500000000000004,0.1147089947089947
229,229.0,75.0,20.656250000000007,19.656250000000007,0.03333333333333333
230,230.0,75.0,20.913043478260875,19.956521739130437,0.092
231,231.0,75.0,22.83928571428571,21.89285714285714,0.08666666666666667
232,232.0,75.0,23.9,22.933333333333334,0.09777777777777778
233,233.0,75.0,23.0,22.0,0.12984126984126984
234,234.0,75.0,20.722222222222225,19.759259259259263,0.07333333333333333
235,235.0,75.0,18.194444444444443,17.236111111111114,0.08500529100529101
236,236.0,75.0,23.02941176470588,22.05882352941176,0.11644444444444443
237,237.0,75.0,19.095238095238095,18.166666666666668,0.064
238,238.0,75.0,19.225806451612904,18.29032258064516,0.11996825396825396
239,239.0,75.0,20.285714285714285,19.4,0.13041269841269842
240,240.0,75.0,19.02631578947369,18.078947368421055,0.06
241,241.0,75.0,20.903846153846153,19.942307692307693,0.07599999999999998
242,242.0,75.0,23.13235294117647,22.13235294117647,0.06825396825396825
243,243.0,75.0,22.671052631578952,21.697368421052637,0.10639316239316239
244,244.0,75.0,24.125,23.145833333333336,0.08577777777777779
245,245.0,75.0,23.0,22.0,0.09187301587301587
246,246.0,75.0,18.58823529411765,17.58823529411765,0.06
247,247.0,75.0,20.884615384615383,19.884615384615387,0.07111111111111112
248,248.0,75.0,18.26190476190476,17.26190476190476,0.060888888888888895
249,249.0,75.0,17.375,16.375,0.08133333333333333
250,250.0,75.0,18.789473684210527,17.789473684210527,0.06266666666666666
251,251.0,75.0,20.23076923076923,19.230769230769234,0.10755555555555556
252,252.0,75.0,19.16071428571429,18.196428571428573,0.15377777777777776
253,253.0,75.0,16.31081081081081,15.35135135135135,0.1011746031746032
254,254.0,75.0,18.055555555555554,17.11111111111111,0.05333333333333334
255,255.0,75.0,20.184210526315795,19.263157894736842,0.09111111111111111
256,256.0,75.0,17.250000000000007,16.343750000000007,0.07111111111111111
257,257.0,75.0,17.131578947368425,16.197368421052634,0.10714285714285715
258,258.0,75.0,16.883333333333333,15.933333333333337,0.09749206349206349
259,259.0,75.0,18.172413793103445,17.24137931034483,0.0932121212121212
260,260.0,75.0,18.785714285714285,18.0,0.057777777777777775
261,261.0,75.0,18.04166666666667,17.208333333333336,0.04666666666666667
262,262.0,75.0,18.727272727272727,17.909090909090907,0.042222222222222223
263,263.0,75.0,15.239999999999998,14.3,0.07612698412698413
264,264.0,75.0,17.5,16.5,0.07936507936507936
265,265.0,75.0,27.35,26.35,0.03822222222222222
266,266.0,75.0,21.750000000000007,20.750000000000007,0.031111111111111107
267,267.0,75.0,28.285714285714285,27.285714285714285,0.04444444444444444
268,268.0,75.0,24.4,23.4,0.04666666666666667
269,269.0,75.0,24.657894736842103,23.657894736842103,0.076
270,270.0,75.0,23.0625,22.0625,0.1473015873015873
271,271.0,75.0,23.805555555555554,22.805555555555554,0.07822222222222223
272,272.0,75.0,25.045454545454543,24.045454545454547,0.09822222222222222
273,273.0,75.0,26.54,25.54,0.10142857142857144
274,274.0,75.0,25.88095238095238,24.88095238095238,0.15333333333333332
275,275.0,75.0,27.611111111111114,26.611111111111114,0.06933333333333333
276,276.0,75.0,24.4,23.4,0.07733333333333334
277,277.0,75.0,25.976190476190474,24.976190476190474,0.11599999999999999
278,278.0,75.0,19.5,18.53846153846154,0.10785185185185185
279,279.0,75.0,21.229166666666668,20.3125,0.07111111111111111
280,280.0,75.0,24.0,23.07142857142857,0.041206349206349205
281,281.0,75.0,23.868421052631582,22.89473684210526,0.06266666666666666
282,282.0,75.0,22.954545454545453,22.09090909090909,0.05333333333333334
283,283.0,75.0,19.692307692307693,18.692307692307693,0.07777777777777778
284,284.0,75.0,22.083333333333332,21.111111111111107,0.044444444444444446
285,285.0,75.0,22.766666666666666,21.799999999999997,0.05066666666666667
286,286.0,75.0,26.000000000000004,25.035714285714292,0.09555555555555556
287,287.0,75.0,19.619047619047617,18.738095238095237,0.07466666666666666
288,288.0,75.0,19.368421052631582,18.500000000000004,0.05333333333333334
289,289.0,75.0,17.708333333333336,16.833333333333336,0.062222222222222213
290,290.0,75.0,19.05,18.150000000000002,0.0
291,291.0,75.0,17.772727272727273,16.863636363636363,0.02
292,292.0,75.0,18.954545454545453,18.0,0.10962962962962962
293,293.0,75.0,20.615384615384617,19.615384615384613,0.05333333333333334
294,294.0,75.0,19.923076923076923,18.923076923076923,0.05111111111111111
295,295.0,75.0,19.75,18.8,0.031111111111111114
296,296.0,75.0,18.444444444444446,17.611111111111114,0.035555555555555556
297,297.0,75.0,22.208333333333336,21.25,0.0911111111111111
298,298.0,75.0,21.125,20.166666666666668,0.050222222222222224
299,299.0,75.0,24.944444444444446,23.944444444444446,0.04444444444444444
300,300.0,75.0,22.6875,21.71875,0.07777777777777778
301,301.0,75.0,21.973684210526315,20.973684210526315,0.10577777777777778
302,302.0,75.0,22.166666666666664,21.166666666666668,0.06444444444444446
303,303.0,75.0,24.000000000000007,23.000000000000007,0.02222222222222222
304,304.0,75.0,25.583333333333336,24.583333333333336,0.04533333333333333
305,305.0,75.0,18.750000000000007,17.750000000000007,0.031111111111111107
306,306.0,75.0,26.653846153846157,25.653846153846153,0.027999999999999994
307,307.0,75.0,19.40909090909091,18.409090909090907,0.04666666666666667
308,308.0,75.0,23.107142857142854,22.107142857142854,0.057777777777777775
309,309.0,75.0,23.0,22.0,0.055555555555555546
310,310.0,75.0,25.333333333333336,24.333333333333336,0.055111111111111104
311,311.0,75.0,23.200000000000003,22.200000000000003,0.0
312,312.0,75.0,20.0,19.0,0.04
313,313.0,75.0,27.0,26.0,0.0
314,314.0,75.0,17.66666666666667,16.66666666666667,0.05422222222222222
315,315.0,75.0,15.388888888888891,14.38888888888889,0.06
316,316.0,75.0,16.150000000000002,15.150000000000002,0.04755555555555555
317,317.0,75.0,19.222222222222225,18.222222222222225,0.04444444444444444
318,318.0,75.0,23.875000000000007,22.875000000000004,0.04
319,319.0,75.0,22.700000000000003,21.7,0.031111111111111107
320,320.0,75.0,23.799999999999997,22.799999999999997,0.07022222222222223
321,321.0,75.0,21.0,20.0,0.04666666666666667
322,322.0,75.0,25.950000000000003,24.950000000000003,0.057777777777777775
323,323.0,75.0,27.111111111111114,26.111111111111114,0.03777777777777778
324,324.0,75.0,20.71428571428571,19.714285714285715,0.035555555555555556
325,325.0,75.0,27.642857142857146,26.642857142857146,0.02
326,326.0,75.0,26.200000000000003,25.200000000000003,0.031111111111111114
327,327.0,75.0,25.857142857142854,24.857142857142858,0.04444444444444444
328,328.0,75.0,23.750000000000004,22.75,0.031111111111111107
329,329.0,75.0,25.8,24.8,0.036
330,330.0,75.0,23.083333333333336,22.083333333333336,0.04
331,331.0,75.0,21.333333333333336,20.333333333333336,0.0
332,332.0,75.0,0.0,0.0,0.0
333,333.0,75.0,0.0,0.0,0.0
334,334.0,75.0,0.0,0.0,0.0
335,335.0,75.0,7.0,6.0,0.0
336,336.0,75.0,0.0,0.0,0.0
337,337.0,75.0,0.0,0.0,0.0
338,338.0,75.0,0.0,0.0,0.0
339,339.0,75.0,40.0,39.0,0.0
340,340.0,75.0,0.0,0.0,0.0
341,341.0,75.0,0.0,0.0,0.0
342,342.0,75.0,0.0,0.0,0.0
343,343.0,75.0,0.0,0.0,0.0
344,344.0,75.0,0.0,0.0,0.0
345,345.0,75.0,0.0,0.0,0.0
346,346.0,75.0,0.0,0.0,0.0
347,347.0,75.0,0.0,0.0,0.0
348,348.0,75.0,0.0,0.0,0.0
349,349.0,75.0,0.0,0.0,0.0
350,350.0,75.0,0.0,0.0,0.0
351,351.0,75.0,0.0,0.0,0.0
352,352.0,75.0,0.0,0.0,0.0
353,353.0,75.0,0.0,0.0,0.0
354,354.0,75.0,0.0,0.0,0.0
355,355.0,75.0,0.0,0.0,0.0
356,356.0,75.0,0.0,0.0,0.0
357,357.0,75.0,0.0,0.0,0.0
358,358.0,75.0,0.0,0.0,0.0
359,359.0,75.0,0.0,0.0,0.0
360,360.0,75.0,0.0,0.0,0.0
361,361.0,75.0,0.0,0.0,0.0
362,362.0,75.0,0.0,0.0,0.0
363,363.0,75.0,0.0,0.0,0.0
364,364.0,75.0,0.0,0.0,0.0
365,365.0,75.0,0.0,0.0,0.0
366,366.0,75.0,0.0,0.0,0.0
367,367.0,75.0,0.0,0.0,0.0
368,368.0,75.0,0.0,0.0,0.0
369,369.0,75.0,0.0,0.0,0.0
370,370.0,75.0,0.0,0.0,0.0
371,371.0,75.0,0.0,0.0,0.0
372,372.0,75.0,0.0,0.0,0.0
373,373.0,75.0,0.0,0.0,0.0
374,374.0,75.0,0.0,0.0,0.0
375,375.0,75.0,0.0,0.0,0.0
376,376.0,75.0,0.0,0.0,0.0
377,377.0,75.0,0.0,0.0,0.0
378,378.0,75.0,0.0,0.0,0.0
379,379.0,75.0,0.0,0.0,0.0
380,380.0,75.0,0.0,0.0,0.0
381,381.0,75.0,0.0,0.0,0.0
382,382.0,75.0,0.0,0.0,0.0
383,383.0,75.0,0.0,0.0,0.0
384,384.0,75.0,0.0,0.0,0.0
385,385.0,75.0,0.0,0.0,0.0
386,386.0,75.0,0.0,0.0,0.0
387,387.0,75.0,0.0,0.0,0.0
388,388.0,75.0,0.0,0.0,0.0
389,389.0,75.0,0.0,0.0,0.0
390,390.0,75.0,0.0,0.0,0.0
391,391.0,75.0,0.0,0.0,0.0
392,392.0,75.0,0.0,0.0,0.0
393,393.0,75.0,0.0,0.0,0.0
394,394.0,75.0,0.0,0.0,0.0
395,395.0,75.0,0.0,0.0,0.0
396,396.0,75.0,0.0,0.0,0.0
397,397.0,75.0,0.0,0.0,0.0
398,398.0,75.0,0.0,0.0,0.0
399,399.0,75.0,0.0,0.0,0.0
400,400.0,75.0,0.0,0.0,0.0
401,401.0,75.0,0.0,0.0,0.0
402,402.0,75.0,0.0,0.0,0.0
403,403.0,75.0,0.0,0.0,0.0
404,404.0,75.0,0.0,0.0,0.0
405,405.0,75.0,0.0,0.0,0.0
406,406.0,75.0,0.0,0.0,0.0
407,407.0,75.0,0.0,0.0,0.0
408,408.0,75.0,0.0,0.0,0.0
409,409.0,75.0,0.0,0.0,0.0
410,410.0,75.0,0.0,0.0,0.0
411,411.0,75.0,0.0,0.0,0.0
412,412.0,75.0,0.0,0.0,0.0
413,413.0,75.0,0.0,0.0,0.0
414,414.0,75.0,0.0,0.0,0.0
415,415.0,75.0,0.0,0.0,0.0
416,416.0,75.0,0.0,0.0,0.0
417,417.0,75.0,50.0,49.0,0.0
418,418.0,75.0,50.0,49.0,0.0
419,419.0,75.0,50.0,49.0,0.0
420,420.0,75.0,50.0,49.0,0.0
421,421.0,75.0,0.0,0.0,0.0
422,422.0,75.0,0.0,0.0,0.0
423,423.0,75.0,50.0,49.0,0.0
424,424.0,75.0,50.0,49.0,0.0
425,425.0,75.0,0.0,0.0,0.0
426,426.0,75.0,0.0,0.0,0.0
427,427.0,75.0,0.0,0.0,0.0
428,428.0,75.0,50.0,49.0,0.0
429,429.0,75.0,0.0,0.0,0.0
430,430.0,75.0,0.0,0.0,0.0
431,431.0,75.0,28.0,27.0,0.0
432,432.0,75.0,27.0,26.0,0.0
433,433.0,75.0,28.375000000000007,27.375000000000007,0.05333333333333334
434,434.0,75.0,24.250000000000004,23.25,0.028888888888888895
435,435.0,75.0,29.333333333333332,28.333333333333336,0.062222222222222213
436,436.0,75.0,31.187500000000007,30.187500000000007,0.04
437,437.0,75.0,38.35714285714286,37.35714285714286,0.028888888888888895
438,438.0,75.0,33.86363636363636,32.86363636363637,0.04711111111111111
439,439.0,75.0,39.33333333333334,38.333333333333336,0.04
440,440.0,75.0,33.2,32.2,0.04
441,441.0,75.0,37.68181818181818,36.68181818181818,0.03333333333333333
442,442.0,75.0,34.67857142857143,33.67857142857142,0.06444444444444444
443,443.0,75.0,33.973684210526315,32.973684210526315,0.058412698412698416
444,444.0,75.0,30.6,29.6,0.06607407407407408
445,445.0,75.0,29.035714285714285,28.035714285714285,0.07022222222222223
446,446.0,75.0,34.717391304347835,33.717391304347835,0.07873015873015873
447,447.0,75.0,34.96666666666667,33.96666666666667,0.06
448,448.0,75.0,39.111111111111114,38.11111111111111,0.044
449,449.0,75.0,40.16666666666667,39.16666666666667,0.04711111111111111
450,450.0,75.0,28.916666666666675,28.083333333333343,0.05111111111111111
451,451.0,75.0,30.382352941176467,29.470588235294116,0.06311111111111112
452,452.0,75.0,29.63157894736842,28.631578947368418,0.06774603174603175
453,453.0,75.0,30.6,29.599999999999998,0.013333333333333334
454,454.0,75.0,32.95,31.95,0.031111111111111107
455,455.0,75.0,26.96875,26.03125,0.03244444444444445
456,456.0,75.0,24.02,23.119999999999997,0.1186666666666667
457,457.0,75.0,27.76470588235294,26.79411764705882,0.10607407407407407
458,458.0,75.0,27.972222222222225,27.0,0.06888888888888887
459,459.0,75.0,27.214285714285715,26.249999999999996,0.07777777777777778
460,460.0,75.0,31.26315789473685,30.28947368421053,0.07777777777777778
461,461.0,75.0,29.47619047619048,28.47619047619048,0.05022222222222223
462,462.0,75.0,29.874999999999996,28.874999999999996,0.11899470899470899
463,463.0,75.0,26.366666666666667,25.366666666666667,0.08222222222222222
464,464.0,75.0,25.42307692307692,24.423076923076923,0.11555555555555555
465,465.0,75.0,26.810344827586206,25.82758620689655,0.10076190476190476
466,466.0,75.0,26.09090909090909,25.090909090909093,0.07111111111111111
467,467.0,75.0,25.807692307692307,24.846153846153847,0.062222222222222213
468,468.0,75.0,23.269230769230774,22.34615384615385,0.10666666666666666
469,469.0,75.0,20.07142857142857,19.142857142857142,0.04844444444444444
470,470.0,75.0,25.69565217391304,24.695652173913047,0.11878306878306878
471,471.0,75.0,22.972972972972972,21.972972972972972,0.11771428571428572
472,472.0,75.0,23.017857142857142,22.035714285714285,0.10374603174603175
473,473.0,75.0,25.964285714285708,24.982142857142854,0.09688888888888889
474,474.0,75.0,28.41176470588235,27.441176470588236,0.17644444444444446
475,475.0,75.0,23.474999999999998,22.499999999999996,0.04
476,476.0,75.0,23.360000000000007,22.480000000000004,0.08355555555555555
477,477.0,75.0,23.999999999999996,23.02631578947368,0.15565560365560369
478,478.0,75.0,24.50757575757576,23.560606060606066,0.13656084656084658
479,479.0,75.0,22.175,21.325,0.07803174603174602
480,480.0,75.0,23.65217391304348,22.71739130434783,0.08355555555555556
481,481.0,75.0,23.236842105263158,22.236842105263154,0.07066666666666667
482,482.0,75.0,24.695652173913047,23.782608695652176,0.1511111111111111
483,483.0,75.0,26.717391304347824,25.815217391304344,0.15573544973544973
484,484.0,75.0,28.907894736842103,27.960526315789473,0.19999999999999998
485,485.0,75.0,25.020833333333332,24.0625,0.18107936507936506
486,486.0,75.0,25.380434782608692,24.402173913043477,0.19094179894179894
487,487.0,75.0,25.59090909090909,24.59090909090909,0.146984126984127
488,488.0,75.0,27.69642857142857,26.69642857142857,0.11793650793650791
489,489.0,75.0,27.897435897435898,26.897435897435898,0.12403174603174603
490,490.0,75.0,28.612903225806445,27.629032258064512,0.13595959595959597
491,491.0,75.0,31.16666666666667,30.227272727272734,0.08479365079365078
492,492.0,75.0,27.02173913043479,26.02173913043479,0.037333333333333336
493,493.0,75.0,30.230769230769234,29.23076923076923,0.11241269841269841
494,494.0,75.0,22.375000000000004,21.430555555555557,0.09248677248677248
495,495.0,75.0,27.666666666666668,26.666666666666668,0.0911111111111111
496,496.0,75.0,32.12500000000001,31.14583333333334,0.11022222222222221
497,497.0,75.0,25.92,24.98,0.10666666666666666
498,498.0,75.0,29.657894736842103,28.684210526315788,0.042222222222222223
499,499.0,75.0,29.586206896551722,28.586206896551722,0.12533333333333332
500,500.0,75.0,26.975,25.975,0.10266666666666666
501,501.0,75.0,19.150000000000002,18.15,0.04444444444444444
502,502.0,75.0,23.58333333333334,22.583333333333343,0.0
503,503.0,75.0,24.81578947368421,23.81578947368421,0.060888888888888874
504,504.0,75.0,26.333333333333336,25.333333333333336,0.04444444444444444
505,505.0,75.0,22.09375,21.093750000000004,0.055111111111111104
506,506.0,75.0,22.423076923076923,21.5,0.013333333333333334
507,507.0,75.0,23.012500000000003,22.099999999999998,0.09542857142857142
508,508.0,75.0,23.46666666666667,22.516666666666666,0.06876190476190476
509,509.0,75.0,27.051724137931032,26.086206896551722,0.10057142857142858
510,510.0,75.0,25.613636363636367,24.613636363636367,0.05422222222222222
511,511.0,75.0,25.187500000000007,24.218750000000007,0.0751111111111111
512,512.0,75.0,27.54166666666667,26.583333333333336,0.02
513,513.0,75.0,19.299999999999997,18.433333333333334,0.018666666666666665
514,514.0,75.0,20.214285714285715,19.357142857142854,0.04666666666666666
515,515.0,75.0,16.666666666666664,15.833333333333334,0.02222222222222222
516,516.0,75.0,19.5,18.6,0.07111111111111111
517,517.0,75.0,28.72222222222222,27.777777777777775,0.04
518,518.0,75.0,27.750000000000004,26.81818181818182,0.06933333333333333
519,519.0,75.0,24.41666666666667,23.416666666666668,0.0
520,520.0,75.0,24.32142857142857,23.428571428571427,0.01111111111111111
521,521.0,75.0,17.863636363636367,16.863636363636363,0.06444444444444444
522,522.0,75.0,22.722222222222225,21.77777777777778,0.04444444444444444
523,523.0,75.0,20.450000000000006,19.450000000000006,0.07111111111111111
524,524.0,75.0,22.611111111111114,21.61111111111111,0.056
525,525.0,75.0,21.409090909090907,20.40909090909091,0.05822222222222223
526,526.0,75.0,18.800000000000004,17.799999999999997,0.031111111111111114
527,527.0,75.0,23.000000000000004,22.0,0.06431746031746031
528,528.0,75.0,32.31818181818182,31.318181818181817,0.035555555555555556
529,529.0,75.0,29.25,28.250000000000004,0.0
530,530.0,75.0,31.28571428571429,30.28571428571429,0.044444444444444446
531,531.0,75.0,27.333333333333332,26.333333333333332,0.055714285714285716
532,532.0,75.0,20.17857142857143,19.178571428571434,0.005777777777777778
533,533.0,75.0,30.214285714285715,29.21428571428571,0.0
534,534.0,75.0,21.375,20.375,0.0
535,535.0,75.0,26.576923076923077,25.576923076923077,0.03333333333333333
536,536.0,75.0,20.125000000000004,19.125000000000004,0.05142857142857143
537,537.0,75.0,24.83333333333333,23.833333333333332,0.02
538,538.0,75.0,24.666666666666668,23.66666666666667,0.028888888888888895
539,539.0,75.0,19.928571428571427,18.928571428571427,0.08888888888888889
540,540.0,75.0,19.21428571428571,18.21428571428571,0.05555555555555556
541,541.0,75.0,26.8,25.8,0.0
542,542.0,75.0,26.285714285714285,25.285714285714285,0.05733333333333333
543,543.0,75.0,29.1,28.100000000000005,0.06044444444444444
544,544.0,75.0,23.0,22.0,0.044444444444444446
545,545.0,75.0,21.450000000000003,20.450000000000003,0.031111111111111114
546,546.0,75.0,16.388888888888893,15.388888888888891,0.07136507936507935
547,547.0,75.0,23.653846153846153,22.653846153846153,0.033777777777777775
548,548.0,75.0,24.458333333333343,23.458333333333336,0.016000000000000004
549,549.0,75.0,21.5,20.5,0.015555555555555553
550,550.0,75.0,27.312500000000007,26.312500000000007,0.0
551,551.0,75.0,22.77777777777778,21.77777777777778,0.0
552,552.0,75.0,20.888888888888893,19.88888888888889,0.02222222222222222
553,553.0,75.0,26.83333333333334,25.833333333333336,0.0
554,554.0,75.0,27.200000000000003,26.200000000000003,0.0
555,555.0,75.0,38.5,37.50000000000001,0.0
556,556.0,75.0,32.7,31.700000000000003,0.0
557,557.0,75.0,33.28571428571429,32.28571428571429,0.0
558,558.0,75.0,35.833333333333336,34.83333333333333,0.04444444444444444
559,559.0,75.0,48.25,47.25,0.0
560,560.0,75.0,13.000000000000002,12.0,0.0
561,561.0,75.0,33.0,32.0,0.0
562,562.0,75.0,23.16666666666667,22.166666666666668,0.0
563,563.0,75.0,27.714285714285715,26.71428571428572,0.028888888888888895
564,564.0,75.0,45.5,44.5,0.0
565,565.0,75.0,45.5,44.5,0.0
566,566.0,75.0,31.1,30.1,0.0
567,567.0,75.0,24.8,23.8,0.04444444444444444
568,568.0,75.0,40.25,39.25,0.0
569,569.0,75.0,44.5,43.5,0.0
570,570.0,75.0,45.0,44.0,0.0
571,571.0,75.0,32.12500000000001,31.125000000000007,0.031111111111111107
572,572.0,75.0,39.75,38.75,0.04444444444444444
573,573.0,75.0,36.5,35.5,0.04
574,574.0,75.0,39.800000000000004,38.8,0.0
575,575.0,75.0,31.285714285714292,30.28571428571429,0.02
576,576.0,75.0,37.900000000000006,36.9,0.02222222222222222
577,577.0,75.0,27.500000000000004,26.5,0.0
578,578.0,75.0,31.666666666666668,30.666666666666668,0.04
579,579.0,75.0,40.25,39.25,0.0
580,580.0,75.0,35.0,34.0,0.0
581,581.0,75.0,38.0,37.0,0.04
582,582.0,75.0,45.66666666666667,44.66666666666667,0.05333333333333334
583,583.0,75.0,55.33333333333334,54.333333333333336,0.0
584,584.0,75.0,49.625000000000014,48.625000000000014,0.04
585,585.0,75.0,0.0,0.0,0.0
586,586.0,75.0,63.0,62.0,0.0
587,587.0,75.0,63.0,62.0,0.0
588,588.0,75.0,0.0,0.0,0.0
589,589.0,75.0,63.0,62.0,0.0
590,590.0,75.0,0.0,0.0,0.0
591,591.0,75.0,50.5,49.5,0.0
592,592.0,75.0,60.3,59.3,0.0
593,593.0,75.0,59.0,58.0,0.04
594,594.0,75.0,58.900000000000006,57.9,0.02222222222222222
595,595.0,75.0,57.8,56.8,0.028888888888888888
596,596.0,75.0,59.125,58.125,0.031111111111111107
597,597.0,75.0,66.0,65.0,0.04
598,598.0,75.0,63.0,62.0,0.0
599,599.0,75.0,63.0,62.0,0.0
600,600.0,75.0,64.25,63.25,0.0
601,601.0,75.0,63.0,62.0,0.0
602,602.0,75.0,57.33333333333334,56.33333333333334,0.04
603,603.0,75.0,0.0,0.0,0.0
604,604.0,75.0,0.0,0.0,0.0
605,605.0,75.0,0.0,0.0,0.0
606,606.0,75.0,0.0,0.0,0.0
607,607.0,75.0,63.0,62.0,0.0
608,608.0,75.0,0.0,0.0,0.0
609,609.0,75.0,0.0,0.0,0.0
610,610.0,75.0,0.0,0.0,0.0
611,611.0,75.0,0.0,0.0,0.0
612,612.0,75.0,0.0,0.0,0.0
613,613.0,75.0,0.0,0.0,0.0
614,614.0,75.0,0.0,0.0,0.0
615,615.0,75.0,0.0,0.0,0.0
616,616.0,75.0,0.0,0.0,0.0
617,617.0,75.0,0.0,0.0,0.0
618,618.0,75.0,0.0,0.0,0.0
619,619.0,75.0,0.0,0.0,0.0
620,620.0,75.0,0.0,0.0,0.0
621,621.0,75.0,0.0,0.0,0.0
622,622.0,75.0,49.5,48.5,0.0
623,623.0,75.0,0.0,0.0,0.0
624,624.0,75.0,0.0,0.0,0.0
625,625.0,75.0,0.0,0.0,0.0
626,626.0,75.0,0.0,0.0,0.0
627,627.0,75.0,0.0,0.0,0.0
628,628.0,75.0,0.0,0.0,0.0
629,629.0,75.0,0.0,0.0,0.0
630,630.0,75.0,0.0,0.0,0.0
631,631.0,75.0,0.0,0.0,0.0
632,632.0,75.0,0.0,0.0,0.0
633,633.0,75.0,0.0,0.0,0.0
634,634.0,75.0,0.0,0.0,0.0
635,635.0,75.0,0.0,0.0,0.0
636,636.0,75.0,0.0,0.0,0.0
637,637.0,75.0,0.0,0.0,0.0
638,638.0,75.0,61.5,60.5,0.0
639,639.0,75.0,61.5,60.5,0.0
640,640.0,75.0,60.5,59.5,0.0
641,641.0,75.0,63.0,62.0,0.0
642,642.0,75.0,63.0,62.0,0.0
643,643.0,75.0,63.5,62.5,0.0
644,644.0,75.0,63.0,62.0,0.0
645,645.0,75.0,63.0,62.0,0.0
646,646.0,75.0,0.0,0.0,0.0
647,647.0,75.0,0.0,0.0,0.0
648,648.0,75.0,0.0,0.0,0.0
649,649.0,75.0,0.0,0.0,0.0
650,650.0,75.0,63.0,62.0,0.0
651,651.0,75.0,63.0,62.0,0.0
652,652.0,75.0,63.0,62.0,0.0
653,653.0,75.0,63.0,62.0,0.0
654,654.0,75.0,0.0,0.0,0.0
655,655.0,75.0,0.0,0.0,0.0
656,656.0,75.0,0.0,0.0,0.0
657,657.0,75.0,0.0,0.0,0.0
658,658.0,75.0,0.0,0.0,0.0
659,659.0,75.0,0.0,0.0,0.0
660,660.0,75.0,0.0,0.0,0.0
661,661.0,75.0,0.0,0.0,0.0
662,662.0,75.0,0.0,0.0,0.0
663,663.0,75.0,0.0,0.0,0.0
664,664.0,75.0,0.0,0.0,0.0
665,665.0,75.0,63.0,62.0,0.0
666,666.0,75.0,63.0,62.0,0.0
667,667.0,75.0,55.400000000000006,54.4,0.028888888888888895
668,668.0,75.0,59.25000000000001,58.25000000000001,0.04
669,669.0,75.0,58.750000000000014,57.750000000000014,0.031111111111111107
670,670.0,75.0,56.57142857142858,55.57142857142858,0.03822222222222222
671,671.0,75.0,58.6,57.60000000000001,0.028888888888888888
672,672.0,75.0,63.0,62.0,0.0
673,673.0,75.0,65.5,64.5,0.0
674,674.0,75.0,0.0,0.0,0.0
675,675.0,75.0,58.5,57.5,0.0
676,676.0,75.0,60.75,59.75,0.0
677,677.0,75.0,0.0,0.0,0.0
678,678.0,75.0,0.0,0.0,0.0
679,679.0,75.0,44.75,43.75,0.0
680,680.0,75.0,45.500000000000014,44.50000000000001,0.04
681,681.0,75.0,41.42857142857143,40.42857142857143,0.035555555555555556
682,682.0,75.0,35.125,34.125,0.028888888888888895
683,683.0,75.0,42.39285714285714,41.39285714285714,0.0853968253968254
684,684.0,75.0,38.1,37.1,0.035555555555555556
685,685.0,75.0,34.0,33.00000000000001,0.031111111111111107
686,686.0,75.0,35.28571428571429,34.28571428571429,0.05511111111111112
687,687.0,75.0,39.34375,38.34375,0.05822222222222223
688,688.0,75.0,42.96153846153846,41.96153846153846,0.07022222222222223
689,689.0,75.0,38.25,37.25,0.04
690,690.0,75.0,36.35000000000001,35.349999999999994,0.031111111111111107
691,691.0,75.0,37.111111111111114,36.11111111111111,0.031111111111111107
692,692.0,75.0,34.6,33.6,0.031111111111111107
693,693.0,75.0,37.9,36.900000000000006,0.057777777777777775
694,694.0,75.0,38.89285714285715,37.892857142857146,0.04133333333333333
695,695.0,75.0,37.12500000000001,36.12500000000001,0.062222222222222213
696,696.0,75.0,40.71875,39.71875,0.06755555555555555
697,697.0,75.0,40.9375,39.9375,0.050793650793650794
698,698.0,75.0,33.14285714285714,32.14285714285714,0.04444444444444444
699,699.0,75.0,35.800000000000004,34.8,0.04
700,700.0,75.0,36.11111111111111,35.11111111111112,0.04444444444444444
701,701.0,75.0,31.6,30.599999999999994,0.04666666666666667
702,702.0,75.0,33.5625,32.625,0.06577777777777777
703,703.0,75.0,26.886363636363633,25.977272727272727,0.064
704,704.0,75.0,30.656250000000007,29.718750000000007,0.08533333333333334
705,705.0,75.0,31.629629629629626,30.7037037037037,0.10622222222222222
706,706.0,75.0,31.36538461538462,30.40384615384616,0.04711111111111112
707,707.0,75.0,29.5,28.527777777777775,0.031111111111111107
708,708.0,75.0,36.625,35.625,0.06177777777777777
709,709.0,75.0,32.03125,31.03125,0.09955555555555556
710,710.0,75.0,32.45454545454545,31.454545454545453,0.02222222222222222
711,711.0,75.0,32.22222222222222,31.22222222222222,0.07200000000000001
712,712.0,75.0,32.90909090909091,31.909090909090907,0.08222222222222222
713,713.0,75.0,25.193181818181817,24.25,0.16393650793650794
714,714.0,75.0,27.0,26.02173913043479,0.10266666666666667
715,715.0,75.0,27.740740740740744,26.740740740740744,0.156
716,716.0,75.0,27.066666666666674,26.083333333333336,0.07088888888888889
717,717.0,75.0,29.29310344827587,28.293103448275865,0.06374603174603176
718,718.0,75.0,38.525,37.55,0.0911111111111111
719,719.0,75.0,24.884615384615387,23.884615384615387,0.10177777777777779
720,720.0,75.0,31.400000000000002,30.400000000000002,0.06444444444444444
721,721.0,75.0,29.880000000000003,28.880000000000006,0.050222222222222224
722,722.0,75.0,26.01470588235294,25.04411764705882,0.11977777777777779
723,723.0,75.0,27.634615384615387,26.673076923076923,0.035555555555555556
724,724.0,75.0,29.9074074074074,28.907407407407405,0.112
725,725.0,75.0,28.041666666666664,27.104166666666664,0.16305820105820107
726,726.0,75.0,28.75,27.846153846153843,0.10488888888888888
727,727.0,75.0,24.90277777777778,24.02777777777778,0.10211640211640212
728,728.0,75.0,28.085714285714285,27.142857142857142,0.05377777777777778
729,729.0,75.0,24.269230769230766,23.26923076923077,0.07644444444444444
730,730.0,75.0,30.446428571428573,29.48214285714286,0.12
731,731.0,75.0,28.25,27.375000000000004,0.03822222222222222
732,732.0,75.0,24.984375000000004,24.078125,0.06266666666666666
733,733.0,75.0,27.35,26.4,0.07822222222222222
734,734.0,75.0,34.64285714285715,33.642857142857146,0.042222222222222223
735,735.0,75.0,30.386363636363637,29.386363636363633,0.06355555555555556
736,736.0,75.0,24.191176470588236,23.191176470588232,0.13005291005291006
737,737.0,75.0,24.972972972972975,24.02702702702703,0.10171428571428572
738,738.0,75.0,30.362068965517246,29.379310344827587,0.10355555555555555
739,739.0,75.0,31.96153846153846,30.96153846153846,0.07022222222222223
740,740.0,75.0,32.111111111111114,31.111111111111118,0.15257142857142858
741,741.0,75.0,32.71052631578947,31.71052631578947,0.14187301587301585
742,742.0,75.0,33.43333333333334,32.43333333333334,0.062222222222222213
743,743.0,75.0,28.142857142857142,27.21428571428571,0.09333333333333334
744,744.0,75.0,25.89285714285714,24.96428571428571,0.08
745,745.0,75.0,28.272727272727273,27.363636363636363,0.06222222222222223
746,746.0,75.0,28.4,27.5,0.08444444444444445
747,747.0,75.0,21.45238095238095,20.595238095238095,0.07377777777777778
748,748.0,75.0,24.69230769230769,23.826923076923073,0.08352380952380954
749,749.0,75.0,28.0,27.03333333333333,0.07955555555555555
750,750.0,75.0,33.87500000000001,32.87500000000001,0.028888888888888888
751,751.0,75.0,27.884615384615383,26.999999999999996,0.0751111111111111
752,752.0,75.0,22.607142857142854,21.678571428571427,0.11777777777777776
753,753.0,75.0,23.156250000000007,22.218750000000007,0.05333333333333334
754,754.0,75.0,28.281250000000007,27.281250000000007,0.06444444444444444
755,755.0,75.0,26.14285714285714,25.166666666666664,0.10926984126984127
756,756.0,75.0,23.865384615384613,22.923076923076927,0.12247619047619046
757,757.0,75.0,22.488636363636363,21.59090909090909,0.09320634920634921
758,758.0,75.0,26.307692307692307,25.307692307692307,0.031111111111111107
759,759.0,75.0,31.5,30.5,0.04
760,760.0,75.0,30.78571428571429,29.85714285714286,0.05155555555555555
761,761.0,75.0,27.0,26.035714285714285,0.029333333333333336
762,762.0,75.0,18.5,17.571428571428573,0.0
763,763.0,75.0,18.41666666666667,17.41666666666667,0.0
764,764.0,75.0,21.5,20.5,0.0
765,765.0,75.0,24.583333333333336,23.66666666666667,0.0
766,766.0,75.0,30.25,29.25,0.0
767,767.0,75.0,21.055555555555557,20.055555555555557,0.06222222222222223
768,768.0,75.0,19.928571428571427,18.999999999999996,0.04
769,769.0,75.0,16.423076923076923,15.53846153846154,0.04755555555555555
770,770.0,75.0,24.57142857142857,23.642857142857142,0.0
771,771.0,75.0,25.83333333333334,24.91666666666667,0.0
772,772.0,75.0,20.5,19.5625,0.0
773,773.0,75.0,20.833333333333336,20.000000000000004,0.0
774,774.0,75.0,26.562500000000007,25.562500000000007,0.0
775,775.0,75.0,34.4,33.4,0.0
776,776.0,75.0,41.0,40.0,0.0
777,777.0,75.0,16.25,15.25,0.04
778,778.0,75.0,17.000000000000004,16.0,0.04
779,779.0,75.0,22.22222222222222,21.22222222222222,0.07111111111111112
780,780.0,75.0,27.5,26.57692307692308,0.03822222222222222
781,781.0,75.0,26.66666666666667,25.666666666666668,0.0
782,782.0,75.0,22.888888888888893,21.88888888888889,0.05511111111111112
783,783.0,75.0,20.875000000000007,19.875000000000004,0.031111111111111107
784,784.0,75.0,23.125000000000007,22.125000000000004,0.04844444444444444
785,785.0,75.0,17.950000000000003,16.950000000000003,0.035555555555555556
786,786.0,75.0,20.187500000000007,19.187500000000007,0.031111111111111114
787,787.0,75.0,23.1875,22.1875,0.02222222222222222
788,788.0,75.0,25.357142857142854,24.357142857142854,0.0
789,789.0,75.0,21.125,20.125,0.0
790,790.0,75.0,29.375,28.375,0.0
791,791.0,75.0,28.500000000000007,27.5,0.06222222222222223
792,792.0,75.0,25.666666666666668,24.750000000000004,0.04
793,793.0,75.0,11.333333333333334,10.500000000000002,0.0
794,794.0,75.0,24.200000000000003,23.200000000000003,0.04
795,795.0,75.0,44.5,43.5,0.0
796,796.0,75.0,20.75,19.75,0.0
797,797.0,75.0,35.66666666666667,34.666666666666664,0.0
798,798.0,75.0,39.900000000000006,38.900000000000006,0.0
799,799.0,75.0,39.1,38.10000000000001,0.0
800,800.0,75.0,39.91666666666667,38.91666666666667,0.0
801,801.0,75.0,28.000000000000004,27.000000000000004,0.04
802,802.0,75.0,34.75000000000001,33.75000000000001,0.04
803,803.0,75.0,18.91666666666667,17.91666666666667,0.0
804,804.0,75.0,31.9,30.9,0.04
805,805.0,75.0,37.16666666666667,36.16666666666667,0.0
806,806.0,75.0,41.25,40.25,0.0
807,807.0,75.0,33.285714285714285,32.285714285714285,0.0
808,808.0,75.0,0.0,0.0,0.0
809,809.0,75.0,0.0,0.0,0.0
810,810.0,75.0,0.0,0.0,0.0
811,811.0,75.0,27.0,26.0,0.0
812,812.0,75.0,38.5,37.5,0.0
813,813.0,75.0,0.0,0.0,0.0
814,814.0,75.0,19.25,18.25,0.0
815,815.0,75.0,0.0,0.0,0.0
816,816.0,75.0,30.666666666666668,29.66666666666667,0.04
817,817.0,75.0,26.166666666666668,25.16666666666667,0.0
818,818.0,75.0,44.25,43.25,0.0
819,819.0,75.0,28.0,27.0,0.0
820,820.0,75.0,27.66666666666667,26.66666666666667,0.0
821,821.0,75.0,34.25,33.25,0.0
822,822.0,75.0,37.75,36.75,0.04
823,823.0,75.0,39.0,38.0,0.0
824,824.0,75.0,27.75,26.75,0.0
825,825.0,75.0,39.0,38.0,0.0
826,826.0,75.0,39.0,38.0,0.0
827,827.0,75.0,39.0,38.0,0.0
828,828.0,75.0,39.0,38.0,0.0
829,829.0,75.0,23.0,22.0,0.0
830,830.0,75.0,22.0,21.0,0.0
831,831.0,75.0,0.0,0.0,0.0
832,832.0,75.0,35.0,34.0,0.0
833,833.0,75.0,0.0,0.0,0.0
834,834.0,75.0,0.0,0.0,0.0
835,835.0,75.0,48.0,47.0,0.0
836,836.0,75.0,48.0,47.0,0.0
837,837.0,75.0,48.0,47.0,0.0
838,838.0,75.0,48.0,47.0,0.0
839,839.0,75.0,0.0,0.0,0.0
840,840.0,75.0,60.0,59.0,0.0
841,841.0,75.0,0.0,0.0,0.0
842,842.0,75.0,0.0,0.0,0.0
843,843.0,75.0,0.0,0.0,0.0
844,844.0,75.0,0.0,0.0,0.0
845,845.0,75.0,55.16666666666667,54.166666666666664,0.0
846,846.0,75.0,57.0,56.0,0.0
847,847.0,75.0,56.0,55.0,0.0
848,848.0,75.0,52.0,51.0,0.0
849,849.0,75.0,66.5,65.5,0.0
850,850.0,75.0,64.66666666666667,63.66666666666668,0.04
851,851.0,75.0,63.00000000000001,62.000000000000014,0.0
852,852.0,75.0,0.0,0.0,0.0
853,853.0,75.0,0.0,0.0,0.0
854,854.0,75.0,0.0,0.0,0.0
855,855.0,75.0,0.0,0.0,0.0
856,856.0,75.0,49.5,48.5,0.0
857,857.0,75.0,0.0,0.0,0.0
858,858.0,75.0,0.0,0.0,0.0
859,859.0,75.0,0.0,0.0,0.0
860,860.0,75.0,0.0,0.0,0.0
861,861.0,75.0,0.0,0.0,0.0
862,862.0,75.0,59.5,58.5,0.0
863,863.0,75.0,0.0,0.0,0.0
864,864.0,75.0,0.0,0.0,0.0
865,865.0,75.0,0.0,0.0,0.0
866,866.0,75.0,0.0,0.0,0.0
867,867.0,75.0,0.0,0.0,0.0
868,868.0,75.0,0.0,0.0,0.0
869,869.0,75.0,0.0,0.0,0.0
870,870.0,75.0,0.0,0.0,0.0
871,871.0,75.0,0.0,0.0,0.0
872,872.0,75.0,0.0,0.0,0.0
873,873.0,75.0,0.0,0.0,0.0
874,874.0,75.0,0.0,0.0,0.0
875,875.0,75.0,0.0,0.0,0.0
876,876.0,75.0,66.5,65.5,0.0
877,877.0,75.0,0.0,0.0,0.0
878,878.0,75.0,0.0,0.0,0.0
879,879.0,75.0,0.0,0.0,0.0
880,880.0,75.0,0.0,0.0,0.0
881,881.0,75.0,0.0,0.0,0.0
882,882.0,75.0,0.0,0.0,0.0
883,883.0,75.0,0.0,0.0,0.0
884,884.0,75.0,60.0,59.0,0.0
885,885.0,75.0,0.0,0.0,0.0
886,886.0,75.0,0.0,0.0,0.0
887,887.0,75.0,0.0,0.0,0.0
888,888.0,75.0,0.0,0.0,0.0
889,889.0,75.0,0.0,0.0,0.0
890,890.0,75.0,0.0,0.0,0.0
891,891.0,75.0,0.0,0.0,0.0
892,892.0,75.0,0.0,0.0,0.0
893,893.0,75.0,0.0,0.0,0.0
894,894.0,75.0,0.0,0.0,0.0
895,895.0,75.0,0.0,0.0,0.0
896,896.0,75.0,0.0,0.0,0.0
897,897.0,75.0,0.0,0.0,0.0
898,898.0,75.0,0.0,0.0,0.0
899,899.0,75.0,62.5,61.5,0.0
900,900.0,75.0,61.5,60.5,0.0
901,901.0,75.0,0.0,0.0,0.0
902,902.0,75.0,0.0,0.0,0.0
903,903.0,75.0,0.0,0.0,0.0
904,904.0,75.0,0.0,0.0,0.0
905,905.0,75.0,0.0,0.0,0.0
906,906.0,75.0,0.0,0.0,0.0
907,907.0,75.0,0.0,0.0,0.0
908,908.0,75.0,0.0,0.0,0.0
909,909.0,75.0,0.0,0.0,0.0
910,910.0,75.0,0.0,0.0,0.0
911,911.0,75.0,0.0,0.0,0.0
912,912.0,75.0,0.0,0.0,0.0
913,913.0,75.0,0.0,0.0,0.0
914,914.0,75.0,56.25,55.25,0.0
915,915.0,75.0,0.0,0.0,0.0
916,916.0,75.0,54.0,53.0,0.0
917,917.0,75.0,57.833333333333336,56.83333333333334,0.0
918,918.0,75.0,0.0,0.0,0.0
919,919.0,75.0,0.0,0.0,0.0
920,920.0,75.0,0.0,0.0,0.0
921,921.0,75.0,0.0,0.0,0.0
922,922.0,75.0,0.0,0.0,0.0
923,923.0,75.0,0.0,0.0,0.0
924,924.0,75.0,0.0,0.0,0.0
925,925.0,75.0,56.0,55.0,0.0
926,926.0,75.0,56.0,55.0,0.0
927,927.0,75.0,40.5,39.5,0.0
928,928.0,75.0,27.66666666666667,26.66666666666667,0.0
929,929.0,75.0,33.16666666666667,32.16666666666667,0.0
930,930.0,75.0,27.8,26.8,0.02222222222222222
931,931.0,75.0,31.055555555555557,30.055555555555557,0.028888888888888895
932,932.0,75.0,21.299999999999997,20.299999999999997,0.031111111111111107
933,933.0,75.0,23.14285714285714,22.14285714285714,0.0648888888888889
934,934.0,75.0,21.863636363636363,20.863636363636363,0.04533333333333333
935,935.0,75.0,20.6,19.6,0.04
936,936.0,75.0,30.000000000000007,29.000000000000007,0.031111111111111107
937,937.0,75.0,37.38888888888889,36.38888888888889,0.08
938,938.0,75.0,39.45454545454545,38.45454545454546,0.062222222222222213
939,939.0,75.0,39.727272727272734,38.727272727272734,0.03822222222222222
940,940.0,75.0,32.95454545454545,31.954545454545457,0.05111111111111111
941,941.0,75.0,38.64285714285714,37.64285714285714,0.07866666666666666
942,942.0,75.0,35.875,34.875,0.031111111111111107
943,943.0,75.0,31.44444444444445,30.444444444444446,0.10888888888888888
944,944.0,75.0,34.500000000000014,33.500000000000014,0.1
945,945.0,75.0,29.83333333333333,28.833333333333336,0.09244444444444445
946,946.0,75.0,36.42307692307692,35.42307692307693,0.0711111111111111
947,947.0,75.0,34.599999999999994,33.599999999999994,0.050222222222222224
948,948.0,75.0,26.785714285714285,25.785714285714285,0.028888888888888895
949,949.0,75.0,27.92592592592593,27.0,0.06323809523809523
950,950.0,75.0,24.944444444444446,24.055555555555557,0.04
951,951.0,75.0,30.066666666666666,29.099999999999998,0.07111111111111111
952,952.0,75.0,32.35,31.400000000000002,0.1328888888888889
953,953.0,75.0,35.85000000000001,34.9,0.062222222222222213
954,954.0,75.0,33.029411764705884,32.05882352941177,0.07955555555555556
955,955.0,75.0,27.86,26.900000000000006,0.06044444444444444
956,956.0,75.0,32.32608695652174,31.3695652173913,0.11333333333333333
957,957.0,75.0,29.74242424242424,28.772727272727273,0.14400000000000002
958,958.0,75.0,27.13157894736842,26.157894736842103,0.06355555555555556
959,959.0,75.0,32.46428571428571,31.5,0.04711111111111111
960,960.0,75.0,41.54166666666667,40.583333333333336,0.07200000000000001
961,961.0,75.0,28.613636363636363,27.636363636363637,0.09377777777777778
962,962.0,75.0,29.539999999999996,28.559999999999995,0.10723809523809523
963,963.0,75.0,25.229166666666668,24.250000000000004,0.08399999999999999
964,964.0,75.0,27.547619047619055,26.571428571428573,0.06177777777777777
965,965.0,75.0,24.395833333333336,23.416666666666668,0.04304761904761905
966,966.0,75.0,26.357142857142854,25.357142857142858,0.05155555555555556
967,967.0,75.0,28.812500000000007,27.843750000000007,0.02222222222222222
968,968.0,75.0,27.416666666666668,26.5,0.12044444444444447
969,969.0,75.0,31.65625,30.65625,0.08983068783068784
970,970.0,75.0,34.86956521739131,33.89130434782609,0.10666666666666667
971,971.0,75.0,30.777777777777782,29.805555555555557,0.08044444444444446
972,972.0,75.0,32.500000000000014,31.523809523809536,0.11777777777777776
973,973.0,75.0,31.142857142857153,30.16666666666667,0.08
974,974.0,75.0,29.042372881355938,28.076271186440678,0.17532275132275132
975,975.0,75.0,28.04807692307692,27.06730769230769,0.1493121693121693
976,976.0,75.0,29.66071428571429,28.71428571428571,0.08355555555555555
977,977.0,75.0,25.029411764705877,24.058823529411764,0.18431746031746032
978,978.0,75.0,26.204545454545453,25.204545454545457,0.11001221001221002
979,979.0,75.0,25.92592592592593,24.962962962962965,0.11377777777777777
980,980.0,75.0,30.933333333333334,29.95,0.1078095238095238
981,981.0,75.0,31.849999999999994,30.874999999999993,0.10222222222222223
982,982.0,75.0,32.050000000000004,31.075000000000003,0.08444444444444445
983,983.0,75.0,32.85,31.875,0.09733333333333334
984,984.0,75.0,29.076923076923084,28.115384615384624,0.0
985,985.0,75.0,25.230769230769234,24.230769230769234,0.04
986,986.0,75.0,25.15789473684211,24.15789473684211,0.08355555555555555
987,987.0,75.0,28.033333333333335,27.05,0.07834920634920635
988,988.0,75.0,29.64999999999999,28.662499999999994,0.09660317460317461
989,989.0,75.0,31.96666666666667,31.0,0.07200000000000001
990,990.0,75.0,34.396551724137936,33.41379310344827,0.07650793650793651
991,991.0,75.0,30.021276595744677,29.031914893617017,0.14247619047619048
992,992.0,75.0,26.375000000000004,25.375,0.08311111111111111
993,993.0,75.0,27.42424242424243,26.454545454545457,0.12432804232804233
994,994.0,75.0,22.91666666666667,22.02083333333334,0.05555555555555556
995,995.0,75.0,24.717391304347828,23.782608695652176,0.11600000000000002
996,996.0,75.0,28.08823529411765,27.205882352941174,0.08399999999999999
997,997.0,75.0,26.928571428571427,26.01785714285714,0.10622222222222222
998,998.0,75.0,28.138888888888886,27.194444444444443,0.1008888888888889
999,999.0,75.0,24.53846153846154,23.65384615384616,0.12444444444444443
