,stimes,k,opt error,even error
0,0.0,19.218849840255594,16523.900122802195,22229.92657771994
1,20832.0,30.410714285714292,16523.900122802195,22229.92657771994
2,65100.0,20.699129057798896,16523.900122802195,22229.92657771994
3,92008.0,23.10223642172524,16523.900122802195,22229.92657771994
4,118048.0,43.71428571428571,16523.900122802195,22229.92657771994
5,150164.0,27.274548311076195,16523.900122802195,22229.92657771994
6,177072.0,30.11052631578948,16523.900122802195,22229.92657771994
7,236096.0,29.011817440912786,16523.900122802195,22229.92657771994
8,264740.0,29.705263157894734,16523.900122802195,22229.92657771994
9,322896.0,29.47882136279927,16523.900122802195,22229.92657771994
