,Snapshot number,N,k,q,C
0,0.0,75.0,15.95,14.95,0.031111111111111114
1,1.0,75.0,14.385416666666668,13.4375,0.10233862433862434
2,2.0,75.0,15.604166666666668,14.708333333333336,0.10488888888888888
3,3.0,75.0,18.363636363636367,17.454545454545453,0.12085714285714287
4,4.0,75.0,21.099999999999994,20.177777777777774,0.10560846560846561
5,5.0,75.0,25.402173913043484,24.402173913043484,0.1479259259259259
6,6.0,75.0,27.454545454545453,26.454545454545453,0.07104761904761904
7,7.0,75.0,31.310344827586203,30.310344827586203,0.1090899470899471
8,8.0,75.0,24.875,23.875,0.0
9,9.0,75.0,39.400000000000006,38.400000000000006,0.028888888888888895
10,10.0,75.0,40.02777777777777,39.02777777777777,0.0943953823953824
11,11.0,75.0,36.25,35.25,0.0
12,12.0,75.0,32.0,31.0,0.0
13,13.0,75.0,36.0,35.0,0.0
14,14.0,75.0,36.833333333333336,35.833333333333336,0.0
15,15.0,75.0,0.0,0.0,0.0
16,16.0,75.0,38.8125,37.8125,0.03733333333333333
17,17.0,75.0,40.27777777777778,39.277777777777786,0.04933333333333333
18,18.0,75.0,18.333333333333336,17.333333333333332,0.06514285714285716
19,19.0,75.0,27.455357142857146,26.455357142857142,0.16842555483731955
20,20.0,75.0,21.693749999999994,20.756249999999998,0.22098893698893698
21,21.0,75.0,21.540229885057474,20.620689655172413,0.1747002561708444
22,22.0,75.0,21.12925170068027,20.18707482993197,0.2504317053202502
23,23.0,75.0,22.360544217687078,21.408163265306122,0.2491454511547391
24,24.0,75.0,23.063025210084035,22.07983193277311,0.24612896471720003
25,25.0,75.0,18.68,17.745000000000005,0.18149983349983348
26,26.0,75.0,21.118750000000006,20.1625,0.23377777777777775
27,27.0,75.0,24.759615384615387,23.783653846153847,0.19827713027713031
28,28.0,75.0,22.08928571428571,21.178571428571427,0.1546127946127946
29,29.0,75.0,19.784090909090907,18.852272727272727,0.10793073593073593
30,30.0,75.0,23.71818181818182,22.718181818181815,0.1756883116883117
31,31.0,75.0,24.846153846153847,23.846153846153847,0.08428571428571428
32,32.0,75.0,28.72222222222222,27.72222222222222,0.11901875901875902
33,33.0,75.0,24.0,23.0,0.031111111111111107
34,34.0,75.0,0.0,0.0,0.0
35,35.0,75.0,0.0,0.0,0.0
36,36.0,75.0,0.0,0.0,0.0
37,37.0,75.0,0.0,0.0,0.0
38,38.0,75.0,0.0,0.0,0.0
39,39.0,75.0,0.0,0.0,0.0
40,40.0,75.0,0.0,0.0,0.0
41,41.0,75.0,50.0,49.0,0.0
42,42.0,75.0,50.0,49.0,0.0
43,43.0,75.0,33.68518518518519,32.68518518518519,0.09957575757575758
44,44.0,75.0,34.805084745762706,33.83898305084745,0.20489103489103488
45,45.0,75.0,28.064705882352946,27.117647058823536,0.22401106301106305
46,46.0,75.0,28.02439024390244,27.054878048780488,0.18517356717356717
47,47.0,75.0,26.075862068965517,25.124137931034483,0.2624223641282465
48,48.0,75.0,25.219745222929944,24.264331210191095,0.28976553340020833
49,49.0,75.0,28.992063492063494,28.03174603174603,0.21482936556620766
50,50.0,75.0,24.821782178217823,23.871287128712872,0.21307033707033707
51,51.0,75.0,25.0,24.07142857142857,0.163001813001813
52,52.0,75.0,24.696969696969695,23.71969696969697,0.13221067821067822
53,53.0,75.0,25.39516129032258,24.39516129032258,0.1098192918192918
54,54.0,75.0,25.46,24.460000000000004,0.11113035113035112
55,55.0,75.0,29.466666666666672,28.46666666666667,0.059111111111111114
56,56.0,75.0,32.4375,31.4375,0.051111111111111114
57,57.0,75.0,37.14285714285714,36.14285714285714,0.08457142857142856
58,58.0,75.0,43.208333333333336,42.208333333333336,0.07200000000000001
59,59.0,75.0,58.525,57.525,0.08388278388278388
60,60.0,75.0,57.33333333333334,56.33333333333334,0.04
61,61.0,75.0,0.0,0.0,0.0
62,62.0,75.0,49.5,48.5,0.0
63,63.0,75.0,60.5,59.5,0.0
64,64.0,75.0,63.33333333333334,62.333333333333336,0.0
65,65.0,75.0,63.0,62.0,0.0
66,66.0,75.0,56.80555555555556,55.80555555555556,0.084
67,67.0,75.0,53.6,52.6,0.05866666666666666
68,68.0,75.0,40.451219512195124,39.451219512195124,0.10322751322751322
69,69.0,75.0,40.629999999999995,39.63,0.13878787878787877
70,70.0,75.0,30.54597701149425,29.597701149425287,0.255371983136689
71,71.0,75.0,28.897637795275585,27.92913385826771,0.2575469559680087
72,72.0,75.0,27.737499999999994,26.796874999999996,0.2200967033196135
73,73.0,75.0,29.479508196721312,28.528688524590166,0.23649302766949826
74,74.0,75.0,28.983333333333334,28.044444444444444,0.18077633477633476
75,75.0,75.0,26.196808510638302,25.265957446808514,0.15978887778887782
76,76.0,75.0,23.56521739130435,22.608695652173914,0.12443290043290044
77,77.0,75.0,25.558139534883725,24.61627906976744,0.11583068783068783
78,78.0,75.0,25.56756756756757,24.56756756756757,0.08194708994708995
79,79.0,75.0,31.862068965517242,30.87931034482759,0.06222222222222223
80,80.0,75.0,33.02272727272727,32.022727272727266,0.09365079365079365
81,81.0,75.0,33.77272727272727,32.772727272727266,0.03650793650793651
82,82.0,75.0,33.71428571428571,32.71428571428571,0.031111111111111107
83,83.0,75.0,47.66666666666667,46.66666666666667,0.0
84,84.0,75.0,59.1,58.099999999999994,0.027037037037037037
85,85.0,75.0,59.625,58.625,0.0
86,86.0,75.0,59.5,58.5,0.0
87,87.0,75.0,66.5,65.5,0.0
88,88.0,75.0,60.0,59.0,0.0
89,89.0,75.0,61.5,60.5,0.0
90,90.0,75.0,0.0,0.0,0.0
91,91.0,75.0,56.333333333333336,55.33333333333334,0.0
92,92.0,75.0,30.538461538461537,29.53846153846154,0.044
93,93.0,75.0,33.481481481481474,32.481481481481474,0.18105057905057906
94,94.0,75.0,31.775,30.825,0.15265963665963664
95,95.0,75.0,31.81060606060606,30.833333333333332,0.1616373256373256
96,96.0,75.0,28.25409836065574,27.278688524590166,0.23321934492522728
97,97.0,75.0,30.102409638554214,29.11746987951807,0.27911661472342586
98,98.0,75.0,32.37499999999999,31.392857142857146,0.24009439580027822
99,99.0,75.0,28.605042016806724,27.663865546218485,0.2074654234654235
