,stimes,k,opt error,even error
0,0.0,23.00875273522976,16436.560132439474,24849.701477024668
1,66006.0,20.908620689655173,16436.560132439474,24849.701477024668
2,92640.0,22.984657039711188,16436.560132439474,24849.701477024668
3,118116.0,34.138297872340424,16436.560132439474,24849.701477024668
4,152856.0,27.412927350427353,16436.560132439474,24849.701477024668
5,172542.0,24.74825783972125,16436.560132439474,24849.701477024668
6,194544.0,47.830882352941174,16436.560132439474,24849.701477024668
7,236232.0,28.52945924132365,16436.560132439474,24849.701477024668
8,273288.0,37.67361111111112,16436.560132439474,24849.701477024668
9,323082.0,29.617966436327738,16436.560132439474,24849.701477024668
